type,date time,latitude,longitude,accuracy(m),altitude(m),geoid_height(m),speed(m/s),bearing(deg),sat_used,sat_inview,name,desc
T,2024-10-04 12:35:42.291,49.66170669,18.28250873,4.59,388.071,,18.710,73,27,39,20241004-123542,GPS Logger: 20241004-123542
T,2024-10-04 12:35:43.291,49.66175037,18.28278614,4.39,392.228,,18.730,73,28,39,,
T,2024-10-04 12:35:44,49.66176281,18.28289224,4.39,380.483,,18.640,73,28,40,,
T,2024-10-04 12:35:46,49.66188327,18.28341960,3.79,384.690,,18.730,73,25,40,,
T,2024-10-04 12:35:47,49.66192660,18.28366422,3.79,383.900,,18.380,73,25,41,,
T,2024-10-04 12:35:48,49.66197558,18.28390588,3.79,383.988,,18.370,72,26,41,,
T,2024-10-04 12:35:49,49.66201024,18.28415195,3.79,384.221,,18.200,72,26,41,,
T,2024-10-04 12:35:50,49.66205754,18.28438359,3.79,383.745,,17.990,73,26,41,,
T,2024-10-04 12:35:51,49.66210616,18.28462437,3.79,383.872,,17.990,73,26,41,,
T,2024-10-04 12:35:52,49.66215264,18.28485807,3.79,383.640,,17.820,73,26,41,,
T,2024-10-04 12:35:53,49.66219905,18.28509136,3.79,382.886,,17.630,71,26,41,,
T,2024-10-04 12:35:54,49.66224581,18.28532084,3.79,383.370,,17.370,71,26,41,,
T,2024-10-04 12:35:55,49.66229021,18.28554800,3.79,383.303,,17.140,71,25,41,,
T,2024-10-04 12:35:56,49.66233040,18.28577316,3.79,383.804,,16.870,70,25,41,,
T,2024-10-04 12:35:57,49.66237185,18.28599432,3.79,383.574,,16.570,70,25,41,,
T,2024-10-04 12:35:58,49.66241282,18.28620657,3.79,383.004,,16.480,70,24,41,,
T,2024-10-04 12:35:59,49.66245326,18.28643687,3.79,383.302,,16.560,70,25,41,,
T,2024-10-04 12:36:00,49.66249810,18.28666055,3.79,383.171,,16.600,70,24,41,,
T,2024-10-04 12:36:01,49.66253716,18.28687650,3.79,382.856,,16.630,70,24,41,,
T,2024-10-04 12:36:02,49.66258501,18.28709864,3.79,382.798,,16.640,68,24,41,,
T,2024-10-04 12:36:03,49.66262676,18.28731753,3.79,382.077,,16.460,69,24,41,,
T,2024-10-04 12:36:04,49.66267028,18.28753291,3.79,381.570,,16.160,70,24,42,,
T,2024-10-04 12:36:05,49.66271095,18.28773944,3.79,381.250,,15.710,71,24,42,,
T,2024-10-04 12:36:06,49.66275293,18.28793447,3.79,380.887,,15.390,70,24,42,,
T,2024-10-04 12:36:07,49.66279194,18.28813533,3.79,380.661,,15.240,70,24,41,,
T,2024-10-04 12:36:08,49.66283144,18.28834412,3.79,380.773,,15.010,59,23,41,,
T,2024-10-04 12:36:09,49.66287729,18.28854251,3.79,379.813,,14.900,69,24,42,,
T,2024-10-04 12:36:10,49.66291560,18.28873799,3.79,379.138,,14.810,78,26,42,,
T,2024-10-04 12:36:11,49.66295478,18.28893212,3.79,379.151,,14.570,74,27,42,,
T,2024-10-04 12:36:12,49.66299075,18.28912279,3.79,379.020,,14.470,72,27,42,,
T,2024-10-04 12:36:13,49.66302900,18.28930555,3.79,378.731,,14.300,73,27,42,,
T,2024-10-04 12:36:14,49.66306530,18.28949134,3.79,378.360,,14.180,73,27,42,,
T,2024-10-04 12:36:15,49.66310525,18.28967747,3.79,378.257,,14.060,72,27,42,,
T,2024-10-04 12:36:16,49.66314234,18.28986293,3.79,378.003,,13.950,73,26,42,,
T,2024-10-04 12:36:17,49.66317853,18.29005029,3.79,377.896,,13.780,72,26,42,,
T,2024-10-04 12:36:18,49.66321602,18.29023344,3.79,377.798,,13.670,72,27,42,,
T,2024-10-04 12:36:19,49.66325432,18.29040900,3.79,377.139,,13.650,72,26,42,,
T,2024-10-04 12:36:20,49.66329078,18.29059554,3.79,376.677,,13.800,72,26,42,,
T,2024-10-04 12:36:21,49.66332560,18.29077765,3.79,376.272,,13.970,72,25,42,,
T,2024-10-04 12:36:22,49.66336445,18.29096393,3.79,375.862,,14.160,71,25,42,,
T,2024-10-04 12:36:23,49.66340609,18.29114924,3.79,375.660,,14.160,71,24,42,,
T,2024-10-04 12:36:24,49.66344658,18.29132937,3.79,375.110,,14.120,72,24,42,,
T,2024-10-04 12:36:25,49.66348453,18.29151381,3.79,374.835,,13.920,62,24,42,,
T,2024-10-04 12:36:26,49.66352164,18.29169444,3.79,374.821,,13.840,71,25,42,,
T,2024-10-04 12:36:27,49.66356086,18.29187741,3.79,374.999,,13.830,73,27,42,,
T,2024-10-04 12:36:28,49.66360506,18.29205833,3.79,374.512,,13.910,71,27,42,,
T,2024-10-04 12:36:29,49.66363802,18.29223982,3.79,374.382,,13.530,74,27,42,,
T,2024-10-04 12:36:30,49.66367542,18.29242040,3.79,374.183,,13.500,73,27,40,,
T,2024-10-04 12:36:31,49.66371257,18.29259942,3.79,373.759,,13.500,73,26,39,,
T,2024-10-04 12:36:32,49.66374959,18.29278353,3.79,373.728,,13.430,73,26,40,,
T,2024-10-04 12:36:33,49.66378487,18.29296268,3.79,373.589,,13.420,73,26,40,,
T,2024-10-04 12:36:34,49.66382250,18.29314170,3.79,373.455,,13.400,73,26,40,,
T,2024-10-04 12:36:35,49.66386017,18.29331919,3.79,373.030,,13.380,72,26,40,,
T,2024-10-04 12:36:36,49.66389552,18.29349640,3.79,372.472,,13.400,72,26,41,,
T,2024-10-04 12:36:37,49.66393294,18.29367528,3.79,372.262,,13.390,72,26,41,,
T,2024-10-04 12:36:38,49.66396973,18.29385522,3.79,372.168,,13.380,72,26,40,,
T,2024-10-04 12:36:39,49.66400758,18.29403410,3.79,371.717,,13.410,73,26,39,,
T,2024-10-04 12:36:40,49.66404180,18.29421392,3.79,371.447,,13.600,73,26,40,,
T,2024-10-04 12:36:41,49.66407956,18.29439628,3.79,371.076,,13.680,73,27,40,,
T,2024-10-04 12:36:42,49.66411397,18.29458065,3.79,370.594,,13.780,74,26,37,,
T,2024-10-04 12:36:43,49.66414913,18.29476660,3.79,370.198,,13.890,74,26,37,,
T,2024-10-04 12:36:44,49.66418739,18.29495860,3.79,369.860,,14.110,73,25,37,,
T,2024-10-04 12:36:45,49.66422298,18.29515210,3.79,369.424,,14.470,73,24,37,,
T,2024-10-04 12:36:46,49.66425997,18.29534742,3.79,369.325,,14.810,73,24,38,,
T,2024-10-04 12:36:47,49.66429581,18.29554648,3.79,369.102,,15.020,73,24,38,,
T,2024-10-04 12:36:48,49.66433495,18.29574711,3.79,368.929,,15.190,73,23,38,,
T,2024-10-04 12:36:49,49.66437745,18.29594804,3.79,368.704,,15.310,73,22,38,,
T,2024-10-04 12:36:50,49.66441953,18.29614922,3.79,368.371,,15.280,73,23,38,,
T,2024-10-04 12:36:51,49.66446130,18.29634712,3.79,368.233,,15.160,73,23,37,,
T,2024-10-04 12:36:52,49.66450086,18.29655024,3.79,367.883,,15.020,73,23,37,,
T,2024-10-04 12:36:53,49.66453756,18.29674872,3.79,367.843,,15.000,73,22,36,,
T,2024-10-04 12:36:54,49.66457403,18.29694803,3.79,367.841,,15.090,73,22,37,,
T,2024-10-04 12:36:55,49.66461289,18.29715289,3.79,367.462,,15.210,73,23,38,,
T,2024-10-04 12:36:56,49.66465468,18.29735979,3.79,367.264,,15.320,73,22,37,,
T,2024-10-04 12:36:57,49.66469402,18.29756567,3.79,366.932,,15.300,73,22,37,,
T,2024-10-04 12:36:58,49.66473006,18.29776797,3.79,366.681,,15.220,73,22,37,,
T,2024-10-04 12:36:59,49.66477170,18.29796708,3.79,366.362,,15.160,74,22,37,,
T,2024-10-04 12:37:00,49.66480957,18.29816884,3.79,366.275,,15.090,74,22,37,,
T,2024-10-04 12:37:01,49.66484749,18.29836762,3.79,366.188,,15.010,74,23,37,,
T,2024-10-04 12:37:02,49.66488682,18.29857042,3.79,365.807,,14.990,74,23,39,,
T,2024-10-04 12:37:03,49.66492160,18.29876833,3.79,365.478,,15.010,74,24,39,,
T,2024-10-04 12:37:04,49.66495834,18.29896770,3.79,365.426,,15.050,74,24,39,,
T,2024-10-04 12:37:05,49.66499825,18.29917242,3.79,365.189,,15.190,73,24,39,,
T,2024-10-04 12:37:06,49.66503885,18.29937609,3.79,365.021,,15.390,73,24,39,,
T,2024-10-04 12:37:07,49.66507920,18.29958468,3.79,364.909,,15.660,73,25,39,,
T,2024-10-04 12:37:08,49.66512293,18.29979724,3.79,364.664,,16.070,72,25,40,,
T,2024-10-04 12:37:09,49.66516971,18.30001493,3.79,364.546,,16.600,72,25,40,,
T,2024-10-04 12:37:10,49.66521488,18.30023990,3.79,364.352,,17.080,72,24,40,,
T,2024-10-04 12:37:11,49.66526215,18.30047204,3.79,364.305,,17.480,72,24,40,,
T,2024-10-04 12:37:12,49.66530905,18.30070564,3.79,364.120,,17.870,72,26,40,,
T,2024-10-04 12:37:13,49.66535835,18.30094860,3.79,363.903,,18.200,73,26,40,,
T,2024-10-04 12:37:14,49.66541013,18.30119756,3.79,363.730,,18.530,73,27,40,,
T,2024-10-04 12:37:15,49.66545923,18.30143952,3.79,363.520,,18.820,73,27,40,,
T,2024-10-04 12:37:16,49.66550737,18.30169575,3.79,363.418,,19.090,73,29,40,,
T,2024-10-04 12:37:17,49.66555990,18.30194647,3.79,363.506,,19.310,73,28,40,,
T,2024-10-04 12:37:18,49.66561022,18.30220544,3.79,363.597,,19.550,73,29,40,,
T,2024-10-04 12:37:19,49.66566168,18.30246977,3.79,363.605,,19.760,73,29,40,,
T,2024-10-04 12:37:20,49.66571687,18.30273439,3.79,363.366,,19.960,73,29,40,,
T,2024-10-04 12:37:21,49.66576950,18.30300010,3.79,363.105,,20.090,73,29,40,,
T,2024-10-04 12:37:22,49.66582441,18.30326737,3.79,363.039,,20.090,73,29,40,,
T,2024-10-04 12:37:23,49.66587647,18.30353593,3.79,363.253,,20.030,73,29,40,,
T,2024-10-04 12:37:24,49.66593151,18.30379258,3.79,363.256,,19.960,73,28,40,,
T,2024-10-04 12:37:25,49.66598527,18.30405522,3.79,363.117,,19.940,73,28,40,,
T,2024-10-04 12:37:26,49.66603675,18.30432096,3.79,363.225,,19.880,73,26,39,,
T,2024-10-04 12:37:27,49.66608645,18.30458559,3.79,363.249,,19.870,73,26,39,,
T,2024-10-04 12:37:28,49.66614033,18.30484587,3.79,363.274,,19.820,73,27,40,,
T,2024-10-04 12:37:29,49.66619265,18.30510837,3.79,363.365,,19.750,73,26,39,,
T,2024-10-04 12:37:30,49.66624462,18.30536669,3.79,363.450,,19.700,73,26,39,,
T,2024-10-04 12:37:31,49.66629501,18.30562547,3.79,363.612,,19.600,73,26,39,,
T,2024-10-04 12:37:32,49.66634598,18.30588380,3.79,363.796,,19.510,73,27,39,,
T,2024-10-04 12:37:33,49.66639808,18.30614113,3.79,363.746,,19.460,73,26,38,,
T,2024-10-04 12:37:34,49.66644912,18.30639496,3.79,363.896,,19.380,72,26,38,,
T,2024-10-04 12:37:35,49.66650552,18.30664954,3.79,363.828,,19.310,72,27,38,,
T,2024-10-04 12:37:36,49.66656045,18.30690548,3.79,363.891,,19.230,72,29,39,,
T,2024-10-04 12:37:37,49.66661075,18.30715758,3.79,363.866,,19.150,72,29,39,,
T,2024-10-04 12:37:38,49.66666053,18.30741282,3.79,363.786,,19.090,73,27,39,,
T,2024-10-04 12:37:39,49.66670732,18.30766325,3.79,363.689,,18.980,75,25,38,,
T,2024-10-04 12:37:40,49.66675388,18.30791313,3.79,363.674,,18.930,74,24,38,,
T,2024-10-04 12:37:41,49.66680236,18.30816599,3.79,363.497,,18.880,74,24,38,,
T,2024-10-04 12:37:42,49.66685356,18.30841331,3.79,363.569,,18.840,74,23,38,,
T,2024-10-04 12:37:43,49.66689961,18.30866154,3.79,363.608,,18.750,73,24,38,,
T,2024-10-04 12:37:44,49.66695039,18.30890720,3.79,363.708,,18.650,73,25,38,,
T,2024-10-04 12:37:45,49.66699585,18.30915665,3.79,363.752,,18.550,73,25,36,,
T,2024-10-04 12:37:46,49.66704509,18.30940309,3.79,363.782,,18.450,72,27,36,,
T,2024-10-04 12:37:47,49.66709327,18.30964308,3.79,363.898,,18.380,72,28,36,,
T,2024-10-04 12:37:48,49.66714384,18.30988710,3.79,363.692,,18.310,72,29,37,,
T,2024-10-04 12:37:49,49.66719349,18.31013113,3.79,363.381,,18.270,71,29,36,,
T,2024-10-04 12:37:50,49.66724878,18.31037083,3.79,363.337,,18.250,71,29,37,,
T,2024-10-04 12:37:51,49.66729988,18.31061008,3.79,363.198,,18.200,72,30,36,,
T,2024-10-04 12:37:52,49.66734944,18.31084933,3.79,362.968,,18.160,72,30,38,,
T,2024-10-04 12:37:53,49.66739983,18.31108616,3.79,362.939,,18.150,72,29,38,,
T,2024-10-04 12:37:54,49.66745240,18.31132400,3.79,362.718,,18.130,72,29,39,,
T,2024-10-04 12:37:55,49.66750373,18.31156058,3.79,362.535,,18.120,72,30,39,,
T,2024-10-04 12:37:56,49.66755299,18.31179747,3.79,362.448,,18.120,71,30,39,,
T,2024-10-04 12:37:57,49.66760956,18.31203470,3.79,362.565,,18.120,71,29,39,,
T,2024-10-04 12:37:58,49.66766611,18.31227216,3.79,362.372,,18.130,71,29,40,,
T,2024-10-04 12:37:59,49.66771936,18.31251318,3.79,362.043,,18.120,71,30,40,,
T,2024-10-04 12:38:00,49.66777613,18.31275043,3.79,362.185,,18.070,70,30,40,,
T,2024-10-04 12:38:01,49.66782881,18.31298296,3.79,362.098,,17.950,70,30,40,,
T,2024-10-04 12:38:02,49.66788194,18.31321366,3.79,361.870,,17.780,70,29,39,,
T,2024-10-04 12:38:03,49.66793722,18.31344916,3.79,361.658,,17.630,70,29,38,,
T,2024-10-04 12:38:04,49.66799427,18.31367848,3.79,361.406,,17.460,71,29,38,,
T,2024-10-04 12:38:05,49.66804666,18.31390991,3.79,361.247,,17.290,71,29,39,,
T,2024-10-04 12:38:06,49.66809888,18.31413744,3.79,360.933,,17.150,71,29,38,,
T,2024-10-04 12:38:07,49.66815013,18.31436172,3.79,360.469,,17.040,70,29,39,,
T,2024-10-04 12:38:08,49.66820646,18.31458542,3.79,359.960,,16.980,69,29,39,,
T,2024-10-04 12:38:09,49.66826099,18.31480391,3.79,359.625,,16.920,69,29,39,,
T,2024-10-04 12:38:10,49.66832074,18.31502464,3.79,359.063,,16.900,68,29,38,,
T,2024-10-04 12:38:11,49.66837989,18.31524066,3.79,358.635,,16.950,68,29,39,,
T,2024-10-04 12:38:12,49.66843657,18.31546240,3.79,358.036,,17.070,69,29,39,,
T,2024-10-04 12:38:13,49.66848879,18.31568068,3.79,357.194,,17.090,69,29,39,,
T,2024-10-04 12:38:14,49.66854764,18.31590321,3.79,356.720,,17.120,69,28,38,,
T,2024-10-04 12:38:15,49.66860325,18.31611902,3.79,356.224,,17.120,69,29,38,,
T,2024-10-04 12:38:16,49.66865941,18.31633729,3.79,355.578,,17.090,68,30,39,,
T,2024-10-04 12:38:17,49.66871563,18.31655583,3.79,354.855,,17.020,68,30,39,,
T,2024-10-04 12:38:18,49.66876561,18.31676488,3.79,354.049,,16.960,68,31,40,,
T,2024-10-04 12:38:19,49.66882092,18.31698379,3.79,353.521,,16.910,68,32,40,,
T,2024-10-04 12:38:20,49.66887814,18.31720028,3.79,352.995,,16.770,68,32,40,,
T,2024-10-04 12:38:21,49.66893465,18.31741552,3.79,352.481,,16.630,68,32,40,,
T,2024-10-04 12:38:22,49.66898857,18.31762296,3.79,352.089,,16.430,68,31,40,,
T,2024-10-04 12:38:23,49.66904467,18.31783076,3.79,351.706,,16.240,68,31,40,,
T,2024-10-04 12:38:24,49.66910042,18.31803858,3.79,351.250,,16.080,68,30,40,,
T,2024-10-04 12:38:25,49.66915441,18.31824387,3.79,350.802,,15.980,68,30,40,,
T,2024-10-04 12:38:26,49.66920845,18.31844903,3.79,350.230,,15.910,68,30,40,,
T,2024-10-04 12:38:27,49.66926176,18.31865396,3.79,349.605,,15.870,69,30,40,,
T,2024-10-04 12:38:28,49.66931413,18.31885695,3.79,348.993,,15.840,69,30,40,,
T,2024-10-04 12:38:29,49.66936736,18.31906079,3.79,348.306,,15.790,69,30,40,,
T,2024-10-04 12:38:30,49.66941839,18.31926425,3.79,347.646,,15.720,70,30,40,,
T,2024-10-04 12:38:31,49.66946380,18.31946987,3.79,347.199,,15.630,71,30,40,,
T,2024-10-04 12:38:32,49.66950980,18.31967350,3.79,346.630,,15.450,71,30,39,,
T,2024-10-04 12:38:33,49.66955097,18.31986996,3.79,346.400,,15.280,72,30,39,,
T,2024-10-04 12:38:34,49.66959314,18.32006998,3.79,345.877,,15.190,72,31,40,,
T,2024-10-04 12:38:35,49.66963486,18.32026641,3.79,345.517,,15.120,72,31,40,,
T,2024-10-04 12:38:36,49.66967459,18.32045967,3.79,345.339,,15.000,72,31,40,,
T,2024-10-04 12:38:37,49.66971426,18.32065366,3.79,345.124,,14.890,72,30,38,,
T,2024-10-04 12:38:38,49.66975083,18.32084664,3.79,345.018,,14.760,72,30,38,,
T,2024-10-04 12:38:39,49.66978990,18.32103753,3.79,344.591,,14.640,72,30,39,,
T,2024-10-04 12:38:40,49.66982795,18.32123233,3.79,344.241,,14.480,72,29,39,,
T,2024-10-04 12:38:41,49.66986458,18.32142159,3.79,343.983,,14.310,72,30,39,,
T,2024-10-04 12:38:42,49.66990463,18.32160725,3.79,343.719,,14.120,72,30,39,,
T,2024-10-04 12:38:43,49.66994442,18.32178658,3.79,343.437,,13.860,72,30,39,,
T,2024-10-04 12:38:44,49.66997796,18.32196810,3.79,343.245,,13.690,73,30,38,,
T,2024-10-04 12:38:45,49.67001186,18.32214769,3.79,342.969,,13.570,73,31,39,,
T,2024-10-04 12:38:46,49.67004958,18.32233082,3.79,342.476,,13.570,74,31,40,,
T,2024-10-04 12:38:47,49.67008546,18.32250927,3.79,342.108,,13.650,74,30,39,,
T,2024-10-04 12:38:48,49.67011767,18.32269231,3.79,341.608,,13.690,75,30,39,,
T,2024-10-04 12:38:49,49.67014795,18.32287777,3.79,341.160,,13.880,76,30,39,,
T,2024-10-04 12:38:50,49.67017859,18.32307026,3.79,340.567,,14.300,77,29,38,,
T,2024-10-04 12:38:51,49.67020694,18.32326545,3.79,340.300,,14.440,78,29,37,,
T,2024-10-04 12:38:52,49.67023037,18.32344738,3.79,339.999,,13.900,79,30,38,,
T,2024-10-04 12:38:53,49.67024774,18.32359900,3.79,339.805,,12.040,79,30,38,,
T,2024-10-04 12:38:54,49.67026416,18.32372207,3.79,339.528,,9.340,79,30,40,,
T,2024-10-04 12:38:55,49.67028009,18.32382707,3.79,339.599,,8.170,77,31,39,,
T,2024-10-04 12:38:56,49.67029691,18.32392995,3.79,339.430,,7.800,76,29,37,,
T,2024-10-04 12:38:57,49.67031547,18.32403786,3.79,339.541,,7.750,75,29,37,,
T,2024-10-04 12:38:58,49.67033284,18.32415639,3.79,340.022,,8.320,76,29,37,,
T,2024-10-04 12:38:59,49.67035157,18.32428071,3.79,340.314,,9.040,77,32,39,,
T,2024-10-04 12:39:00,49.67036799,18.32440787,3.79,340.587,,9.520,78,31,39,,
T,2024-10-04 12:39:01,49.67038679,18.32453945,3.79,340.727,,9.870,79,31,39,,
T,2024-10-04 12:39:02,49.67039554,18.32467300,3.79,340.317,,9.930,80,30,40,,
T,2024-10-04 12:39:03,49.67041250,18.32480681,3.79,340.223,,9.890,81,30,38,,
T,2024-10-04 12:39:04,49.67043301,18.32494561,3.79,340.325,,9.940,82,31,38,,
T,2024-10-04 12:39:05,49.67044770,18.32508711,3.79,340.308,,10.070,83,30,37,,
T,2024-10-04 12:39:06,49.67045957,18.32523558,3.79,340.366,,10.260,83,29,36,,
T,2024-10-04 12:39:07,49.67047086,18.32537874,3.79,340.012,,10.470,83,29,35,,
T,2024-10-04 12:39:08,49.67048468,18.32552593,3.79,339.807,,10.650,82,29,35,,
T,2024-10-04 12:39:09,49.67049695,18.32567736,3.79,339.613,,10.810,81,27,35,,
T,2024-10-04 12:39:10,49.67051283,18.32582713,3.79,339.468,,11.030,81,28,37,,
T,2024-10-04 12:39:11,49.67052998,18.32597869,3.79,339.517,,11.340,80,28,36,,
T,2024-10-04 12:39:12,49.67054683,18.32613763,3.79,339.558,,11.610,80,28,37,,
T,2024-10-04 12:39:13,49.67056430,18.32629858,3.79,339.555,,11.910,80,29,38,,
T,2024-10-04 12:39:14,49.67058329,18.32646806,3.79,339.543,,12.380,79,28,37,,
T,2024-10-04 12:39:15,49.67060691,18.32664540,3.79,339.670,,13.060,79,27,35,,
T,2024-10-04 12:39:16,49.67062608,18.32683425,3.79,339.360,,13.730,80,28,36,,
T,2024-10-04 12:39:17,49.67064792,18.32702711,3.79,339.493,,14.240,81,29,37,,
T,2024-10-04 12:39:18,49.67066574,18.32722043,3.79,339.660,,14.180,83,29,37,,
T,2024-10-04 12:39:19,49.67068278,18.32741703,3.79,339.711,,14.180,84,28,36,,
T,2024-10-04 12:39:20,49.67069971,18.32761305,3.79,339.918,,14.400,83,28,36,,
T,2024-10-04 12:39:21,49.67071430,18.32781492,3.79,339.943,,14.600,84,28,36,,
T,2024-10-04 12:39:22,49.67072919,18.32801999,3.79,340.069,,14.760,84,29,37,,
T,2024-10-04 12:39:23,49.67074511,18.32822492,3.79,340.155,,14.830,84,29,37,,
T,2024-10-04 12:39:24,49.67075886,18.32842895,3.79,340.099,,14.820,84,28,36,,
T,2024-10-04 12:39:25,49.67076987,18.32863287,3.79,340.225,,14.830,84,28,36,,
T,2024-10-04 12:39:26,49.67078190,18.32883873,3.79,340.286,,14.840,85,29,37,,
T,2024-10-04 12:39:27,49.67079426,18.32904389,3.79,340.343,,14.850,86,29,38,,
T,2024-10-04 12:39:28,49.67080487,18.32924589,3.79,340.704,,14.850,88,30,39,,
T,2024-10-04 12:39:29,49.67081250,18.32945186,3.79,340.646,,14.870,87,31,39,,
T,2024-10-04 12:39:30,49.67082172,18.32965601,3.79,340.266,,14.890,87,30,38,,
T,2024-10-04 12:39:31,49.67082916,18.32985974,3.79,340.015,,14.920,86,29,35,,
T,2024-10-04 12:39:32,49.67084207,18.33006691,3.79,340.091,,14.890,85,30,36,,
T,2024-10-04 12:39:33,49.67085382,18.33027128,3.79,340.242,,14.850,84,30,37,,
T,2024-10-04 12:39:34,49.67086805,18.33047597,3.79,340.327,,14.700,85,29,36,,
T,2024-10-04 12:39:35,49.67088051,18.33067210,3.79,340.346,,14.390,85,29,37,,
T,2024-10-04 12:39:36,49.67089253,18.33086301,3.79,340.482,,14.070,85,29,37,,
T,2024-10-04 12:39:37,49.67090647,18.33105694,3.79,340.448,,14.000,84,29,36,,
T,2024-10-04 12:39:38,49.67092124,18.33125060,3.79,340.348,,14.130,84,29,36,,
T,2024-10-04 12:39:39,49.67093609,18.33145158,3.79,340.232,,14.380,83,29,36,,
T,2024-10-04 12:39:40,49.67095449,18.33165884,3.79,340.105,,14.730,82,29,37,,
T,2024-10-04 12:39:41,49.67097256,18.33186941,3.79,339.961,,15.060,82,29,37,,
T,2024-10-04 12:39:42,49.67099243,18.33208055,3.79,339.795,,15.400,81,30,37,,
T,2024-10-04 12:39:43,49.67101182,18.33229601,3.79,339.594,,15.620,81,30,37,,
T,2024-10-04 12:39:44,49.67103256,18.33250916,3.79,339.610,,15.640,81,29,36,,
T,2024-10-04 12:39:45,49.67105407,18.33272137,3.79,339.497,,15.530,81,29,36,,
T,2024-10-04 12:39:46,49.67107503,18.33293196,3.79,339.266,,15.480,81,28,35,,
T,2024-10-04 12:39:47,49.67109607,18.33314889,3.79,339.226,,15.510,81,28,35,,
T,2024-10-04 12:39:48,49.67111635,18.33335865,3.79,338.975,,15.560,80,29,36,,
T,2024-10-04 12:39:49,49.67113853,18.33357352,3.79,338.885,,15.680,80,29,36,,
T,2024-10-04 12:39:50,49.67116474,18.33379239,3.79,338.942,,15.970,80,30,36,,
T,2024-10-04 12:39:51,49.67119110,18.33401477,3.79,338.757,,16.310,80,30,36,,
T,2024-10-04 12:39:52,49.67121609,18.33423808,3.79,338.764,,16.420,80,30,36,,
T,2024-10-04 12:39:53,49.67124017,18.33446324,3.79,338.912,,16.520,80,30,36,,
T,2024-10-04 12:39:54,49.67126420,18.33468795,3.79,338.675,,16.770,80,29,35,,
T,2024-10-04 12:39:55,49.67128900,18.33493105,3.79,338.651,,17.040,80,29,35,,
T,2024-10-04 12:39:56,49.67131933,18.33517418,3.79,338.626,,17.160,80,29,35,,
T,2024-10-04 12:39:57,49.67134885,18.33540286,3.79,338.765,,17.150,80,29,35,,
T,2024-10-04 12:39:58,49.67137395,18.33563670,3.79,338.829,,17.130,80,28,36,,
T,2024-10-04 12:39:59,49.67139908,18.33587166,3.79,339.001,,17.090,80,30,36,,
T,2024-10-04 12:40:00,49.67142383,18.33610561,3.79,339.302,,17.010,80,29,36,,
T,2024-10-04 12:40:01,49.67145060,18.33633390,3.79,339.195,,16.910,80,30,36,,
T,2024-10-04 12:40:02,49.67147501,18.33656181,3.79,339.683,,16.840,80,30,36,,
T,2024-10-04 12:40:03,49.67150171,18.33679234,3.79,340.051,,16.740,80,30,36,,
T,2024-10-04 12:40:04,49.67152736,18.33701871,3.79,340.396,,16.540,80,30,37,,
T,2024-10-04 12:40:05,49.67155449,18.33723773,3.79,340.874,,16.220,79,30,36,,
T,2024-10-04 12:40:06,49.67158387,18.33745327,3.79,341.077,,15.900,78,29,35,,
T,2024-10-04 12:40:07,49.67161581,18.33766310,3.79,341.329,,15.620,77,29,35,,
T,2024-10-04 12:40:08,49.67164866,18.33786891,3.79,341.563,,15.400,75,29,36,,
T,2024-10-04 12:40:09,49.67168841,18.33807378,3.79,341.790,,15.270,73,29,37,,
T,2024-10-04 12:40:10,49.67173341,18.33827710,3.79,341.854,,15.220,70,30,36,,
T,2024-10-04 12:40:11,49.67178044,18.33847545,3.79,342.022,,15.190,69,30,36,,
T,2024-10-04 12:40:12,49.67183290,18.33867372,3.79,341.964,,15.270,67,30,38,,
T,2024-10-04 12:40:13,49.67189288,18.33886702,3.79,341.895,,15.290,64,31,38,,
T,2024-10-04 12:40:14,49.67195989,18.33905712,3.79,341.967,,15.240,60,29,36,,
T,2024-10-04 12:40:15,49.67203225,18.33923616,3.79,342.050,,15.180,56,29,36,,
T,2024-10-04 12:40:16,49.67211110,18.33940344,3.79,341.842,,15.020,52,30,37,,
T,2024-10-04 12:40:17,49.67219409,18.33955865,3.79,341.792,,14.660,48,29,36,,
T,2024-10-04 12:40:18,49.67227669,18.33970494,3.79,341.895,,14.230,46,28,36,,
T,2024-10-04 12:40:19,49.67235662,18.33984496,3.79,341.711,,13.620,45,28,37,,
T,2024-10-04 12:40:20,49.67243983,18.33996881,3.79,341.622,,12.940,43,27,36,,
T,2024-10-04 12:40:21,49.67251561,18.34008270,3.79,341.453,,12.000,41,27,36,,
T,2024-10-04 12:40:22,49.67259027,18.34018462,3.79,341.339,,11.170,40,29,37,,
T,2024-10-04 12:40:23,49.67266098,18.34027765,3.79,341.303,,10.420,39,28,37,,
T,2024-10-04 12:40:24,49.67272974,18.34036055,3.79,341.307,,9.840,39,29,37,,
T,2024-10-04 12:40:25,49.67279144,18.34043939,3.79,341.283,,8.900,40,26,34,,
T,2024-10-04 12:40:26,49.67284564,18.34050936,3.79,341.091,,7.890,40,25,33,,
T,2024-10-04 12:40:27,49.67289061,18.34056970,3.79,341.001,,6.780,40,26,34,,
T,2024-10-04 12:40:28,49.67292925,18.34062175,3.79,340.772,,5.790,40,25,33,,
T,2024-10-04 12:40:29,49.67296150,18.34066585,3.79,340.510,,4.710,40,23,32,,
T,2024-10-04 12:40:30,49.67298828,18.34070273,3.79,340.524,,3.910,40,24,33,,
T,2024-10-04 12:40:31,49.67301122,18.34073356,3.79,340.402,,3.300,40,25,35,,
T,2024-10-04 12:40:32,49.67303346,18.34076452,3.79,340.369,,2.970,40,27,36,,
T,2024-10-04 12:40:33,49.67305140,18.34079119,3.79,340.693,,2.760,40,25,34,,
T,2024-10-04 12:40:34,49.67307034,18.34081960,3.79,340.967,,2.750,40,26,34,,
T,2024-10-04 12:40:35,49.67309706,18.34085414,3.79,340.908,,3.730,40,26,34,,
T,2024-10-04 12:40:36,49.67313143,18.34089911,3.79,341.064,,4.990,40,25,34,,
T,2024-10-04 12:40:37,49.67317981,18.34096328,3.79,340.810,,6.510,40,27,35,,
T,2024-10-04 12:40:38,49.67323281,18.34102534,3.79,341.121,,7.290,41,25,34,,
T,2024-10-04 12:40:39,49.67328427,18.34109372,3.79,340.884,,7.580,41,25,35,,
T,2024-10-04 12:40:40,49.67333692,18.34116122,3.79,340.676,,7.620,41,26,35,,
T,2024-10-04 12:40:41,49.67339078,18.34123187,3.79,340.516,,8.110,40,27,35,,
T,2024-10-04 12:40:42,49.67344489,18.34130542,3.79,340.802,,8.690,40,28,36,,
T,2024-10-04 12:40:43,49.67350606,18.34138683,3.79,340.940,,9.180,40,28,35,,
T,2024-10-04 12:40:44,49.67357009,18.34147607,3.79,340.722,,9.590,40,27,35,,
T,2024-10-04 12:40:45,49.67364027,18.34156025,3.79,340.619,,9.890,40,29,37,,
T,2024-10-04 12:40:46,49.67371188,18.34164958,3.79,340.553,,10.170,40,28,36,,
T,2024-10-04 12:40:47,49.67378288,18.34174110,3.79,340.430,,10.480,40,28,37,,
T,2024-10-04 12:40:48,49.67385901,18.34183486,3.79,340.331,,10.800,40,29,36,,
T,2024-10-04 12:40:49,49.67393607,18.34193339,3.79,340.237,,11.190,40,29,36,,
T,2024-10-04 12:40:50,49.67401554,18.34203809,3.79,340.167,,11.620,40,29,37,,
T,2024-10-04 12:40:51,49.67410216,18.34214506,3.79,339.834,,12.020,40,29,36,,
T,2024-10-04 12:40:52,49.67418610,18.34225165,3.79,339.738,,12.160,40,30,36,,
T,2024-10-04 12:40:53,49.67427022,18.34235905,3.79,339.680,,12.250,40,29,35,,
T,2024-10-04 12:40:54,49.67435259,18.34246681,3.79,339.423,,12.260,40,28,34,,
T,2024-10-04 12:40:55,49.67443530,18.34257316,3.79,339.482,,12.320,40,28,34,,
T,2024-10-04 12:40:56,49.67451514,18.34268203,3.79,339.375,,12.250,40,28,34,,
T,2024-10-04 12:40:57,49.67459957,18.34279099,3.79,339.271,,12.300,40,27,34,,
T,2024-10-04 12:40:58,49.67468343,18.34290032,3.79,339.248,,12.290,40,27,34,,
T,2024-10-04 12:40:59,49.67476599,18.34300958,3.79,339.200,,12.340,39,26,34,,
T,2024-10-04 12:41:00,49.67485513,18.34311646,3.79,339.213,,12.470,39,28,34,,
T,2024-10-04 12:41:01,49.67494434,18.34322670,3.79,339.216,,12.580,39,26,35,,
T,2024-10-04 12:41:02,49.67503564,18.34333695,3.79,339.077,,12.830,38,24,34,,
T,2024-10-04 12:41:03,49.67512792,18.34344949,3.79,338.643,,13.030,37,24,34,,
T,2024-10-04 12:41:04,49.67522574,18.34355339,3.79,338.509,,13.270,35,26,35,,
T,2024-10-04 12:41:05,49.67532253,18.34365072,3.79,338.159,,13.420,33,28,35,,
T,2024-10-04 12:41:06,49.67542167,18.34375041,3.79,338.166,,13.620,32,28,35,,
T,2024-10-04 12:41:07,49.67552244,18.34384960,3.79,337.974,,13.810,29,29,35,,
T,2024-10-04 12:41:08,49.67563289,18.34394563,3.79,337.843,,14.000,27,28,35,,
T,2024-10-04 12:41:09,49.67575284,18.34404399,3.79,336.612,,14.110,25,29,35,,
T,2024-10-04 12:41:10,49.67587243,18.34412982,3.79,335.903,,14.170,23,29,36,,
T,2024-10-04 12:41:11,49.67599615,18.34420673,3.79,335.516,,14.180,22,29,35,,
T,2024-10-04 12:41:12,49.67611556,18.34428523,3.79,334.685,,14.250,21,30,36,,
T,2024-10-04 12:41:13,49.67623827,18.34435751,3.79,334.253,,14.290,21,30,36,,
T,2024-10-04 12:41:14,49.67636276,18.34443064,3.79,333.716,,14.600,21,30,35,,
T,2024-10-04 12:41:15,49.67649251,18.34450596,3.79,333.386,,14.920,21,30,35,,
T,2024-10-04 12:41:16,49.67661704,18.34458232,3.79,333.480,,15.010,20,31,36,,
T,2024-10-04 12:41:17,49.67674147,18.34465352,3.79,333.278,,14.890,21,30,34,,
T,2024-10-04 12:41:18,49.67686747,18.34472697,3.79,333.092,,14.680,21,30,34,,
T,2024-10-04 12:41:19,49.67699621,18.34481315,3.79,332.174,,14.740,22,29,34,,
T,2024-10-04 12:41:20,49.67711971,18.34489172,3.79,331.664,,14.790,21,26,31,,
T,2024-10-04 12:41:21,49.67724022,18.34497062,3.79,331.784,,14.720,22,26,31,,
T,2024-10-04 12:41:22,49.67736133,18.34504643,3.79,331.954,,14.650,21,25,31,,
T,2024-10-04 12:41:23,49.67748020,18.34511972,3.79,332.101,,14.800,21,27,35,,
T,2024-10-04 12:41:24,49.67761042,18.34519419,3.79,332.176,,15.280,21,25,35,,
T,2024-10-04 12:41:25,49.67773980,18.34527200,3.79,332.806,,15.640,18,24,34,,
T,2024-10-04 12:41:26,49.67788678,18.34535296,3.79,332.546,,16.650,18,24,33,,
T,2024-10-04 12:41:27,49.67803975,18.34543377,3.79,332.445,,17.360,19,24,34,,
T,2024-10-04 12:41:28,49.67818680,18.34551833,3.79,332.546,,17.730,22,27,34,,
T,2024-10-04 12:41:29,49.67833450,18.34562495,3.79,332.881,,17.880,28,27,35,,
T,2024-10-04 12:41:30,49.67847020,18.34575137,3.79,333.064,,17.990,33,28,35,,
T,2024-10-04 12:41:31,49.67860340,18.34589019,3.79,333.368,,17.990,37,28,36,,
T,2024-10-04 12:41:32,49.67873300,18.34604292,3.79,333.653,,18.140,42,28,36,,
T,2024-10-04 12:41:33,49.67885646,18.34620875,3.79,334.002,,18.220,45,29,36,,
T,2024-10-04 12:41:34,49.67897154,18.34638418,3.79,334.544,,18.220,49,29,35,,
T,2024-10-04 12:41:35,49.67907948,18.34657003,3.79,334.977,,18.310,50,29,36,,
T,2024-10-04 12:41:36,49.67918861,18.34675482,3.79,335.582,,18.600,51,29,35,,
T,2024-10-04 12:41:37,49.67930019,18.34694846,3.79,335.782,,18.960,50,30,37,,
T,2024-10-04 12:41:38,49.67941139,18.34714527,3.79,336.144,,19.260,49,30,37,,
T,2024-10-04 12:41:39,49.67952668,18.34734806,3.79,336.239,,19.300,49,30,37,,
T,2024-10-04 12:41:40,49.67963844,18.34754694,3.79,336.505,,19.030,49,29,37,,
T,2024-10-04 12:41:41,49.67974844,18.34774400,3.79,336.917,,18.670,49,29,37,,
T,2024-10-04 12:41:42,49.67986101,18.34793928,3.79,337.448,,18.570,49,29,38,,
T,2024-10-04 12:41:43,49.67997583,18.34813613,3.79,337.778,,18.710,49,29,39,,
T,2024-10-04 12:41:44,49.68008664,18.34833684,3.79,338.299,,18.850,49,30,38,,
T,2024-10-04 12:41:45,49.68019800,18.34853451,3.79,339.004,,19.030,48,29,38,,
T,2024-10-04 12:41:46,49.68031228,18.34873087,3.79,339.721,,19.250,48,29,39,,
T,2024-10-04 12:41:47,49.68042471,18.34892374,3.79,340.628,,19.350,48,29,39,,
T,2024-10-04 12:41:48,49.68054297,18.34912704,3.79,341.290,,19.420,48,29,39,,
T,2024-10-04 12:41:49,49.68066518,18.34932839,3.79,342.274,,19.590,48,29,39,,
T,2024-10-04 12:41:50,49.68078150,18.34953315,3.79,342.993,,19.760,49,28,39,,
T,2024-10-04 12:41:51,49.68089863,18.34974020,3.79,343.612,,19.900,49,28,38,,
T,2024-10-04 12:41:52,49.68101799,18.34995279,3.79,344.090,,20.000,49,29,38,,
T,2024-10-04 12:41:53,49.68113279,18.35016751,3.79,344.234,,19.760,49,29,39,,
T,2024-10-04 12:41:54,49.68124648,18.35037368,3.79,344.248,,19.420,50,29,38,,
T,2024-10-04 12:41:55,49.68135987,18.35058382,3.79,344.217,,19.360,50,30,38,,
T,2024-10-04 12:41:56,49.68147256,18.35078830,3.79,344.381,,19.400,51,31,38,,
T,2024-10-04 12:41:57,49.68158248,18.35099218,3.79,344.469,,19.480,51,31,39,,
T,2024-10-04 12:41:58,49.68169137,18.35120647,3.79,344.454,,19.650,53,31,38,,
T,2024-10-04 12:41:59,49.68180152,18.35143049,3.79,344.534,,19.840,55,30,38,,
T,2024-10-04 12:42:00,49.68190241,18.35165712,3.79,344.594,,20.030,57,30,38,,
T,2024-10-04 12:42:01,49.68200349,18.35189186,3.79,344.530,,20.220,59,31,38,,
T,2024-10-04 12:42:02,49.68209691,18.35213554,3.79,344.350,,20.420,60,31,37,,
T,2024-10-04 12:42:03,49.68218994,18.35238649,3.79,344.121,,20.630,60,32,37,,
T,2024-10-04 12:42:04,49.68228743,18.35263515,3.79,343.834,,20.870,60,32,37,,
T,2024-10-04 12:42:05,49.68238242,18.35289016,3.79,343.889,,21.000,60,32,37,,
T,2024-10-04 12:42:06,49.68247542,18.35314878,3.79,343.844,,21.010,61,31,37,,
T,2024-10-04 12:42:07,49.68256751,18.35340556,3.79,344.111,,20.960,62,30,37,,
T,2024-10-04 12:42:08,49.68265311,18.35366287,3.79,343.975,,20.870,63,30,37,,
T,2024-10-04 12:42:09,49.68273427,18.35392189,3.79,343.877,,20.730,64,29,36,,
T,2024-10-04 12:42:10,49.68281276,18.35418017,3.79,343.930,,20.590,66,29,36,,
T,2024-10-04 12:42:11,49.68288656,18.35444191,3.79,343.933,,20.450,67,30,37,,
T,2024-10-04 12:42:12,49.68295589,18.35470268,3.79,343.835,,20.460,68,31,36,,
T,2024-10-04 12:42:13,49.68302419,18.35496562,3.79,343.811,,20.460,69,31,36,,
T,2024-10-04 12:42:14,49.68308759,18.35522078,3.79,344.919,,20.330,70,30,36,,
T,2024-10-04 12:42:15,49.68314932,18.35547489,3.79,345.402,,19.870,71,26,33,,
T,2024-10-04 12:42:16,49.68320704,18.35573515,3.79,345.396,,19.590,71,25,32,,
T,2024-10-04 12:42:17,49.68326198,18.35598110,3.79,345.605,,19.390,72,26,33,,
T,2024-10-04 12:42:18,49.68331497,18.35623375,3.79,346.165,,19.220,73,25,33,,
T,2024-10-04 12:42:19,49.68336189,18.35648633,3.79,345.756,,18.980,75,25,32,,
T,2024-10-04 12:42:20,49.68340359,18.35674669,3.79,345.235,,19.360,76,27,33,,
T,2024-10-04 12:42:21,49.68345036,18.35701716,3.79,345.832,,20.040,76,28,34,,
T,2024-10-04 12:42:22,49.68350148,18.35728452,3.79,346.107,,20.190,76,28,34,,
T,2024-10-04 12:42:23,49.68354210,18.35756310,3.79,346.299,,20.720,78,28,34,,
T,2024-10-04 12:42:24,49.68357999,18.35784622,3.79,346.621,,21.240,79,27,33,,
T,2024-10-04 12:42:25,49.68361580,18.35814131,3.79,347.233,,21.690,80,27,33,,
T,2024-10-04 12:42:26,49.68364681,18.35844114,3.79,347.689,,22.010,81,29,34,,
T,2024-10-04 12:42:27,49.68367622,18.35874824,3.79,348.300,,22.260,82,30,34,,
T,2024-10-04 12:42:28,49.68370214,18.35905560,3.79,348.625,,22.470,83,30,34,,
T,2024-10-04 12:42:29,49.68372673,18.35936984,3.79,348.986,,22.640,84,30,34,,
T,2024-10-04 12:42:30,49.68374575,18.35968468,3.79,349.171,,22.750,86,29,34,,
T,2024-10-04 12:42:31,49.68375883,18.36000443,3.79,349.474,,22.780,87,29,34,,
T,2024-10-04 12:42:32,49.68376957,18.36031905,3.79,349.776,,22.800,89,29,34,,
T,2024-10-04 12:42:33,49.68376896,18.36063036,3.79,350.047,,22.700,90,29,34,,
T,2024-10-04 12:42:34,49.68376794,18.36094202,3.79,350.373,,22.600,91,30,35,,
T,2024-10-04 12:42:35,49.68376453,18.36125360,3.79,350.464,,22.470,92,30,35,,
T,2024-10-04 12:42:36,49.68375553,18.36155746,3.79,350.761,,22.240,93,30,36,,
T,2024-10-04 12:42:37,49.68374166,18.36186282,3.79,351.084,,22.030,94,30,36,,
T,2024-10-04 12:42:38,49.68372178,18.36216614,3.79,351.272,,21.930,95,31,36,,
T,2024-10-04 12:42:39,49.68370304,18.36246978,3.79,351.888,,21.920,96,31,36,,
T,2024-10-04 12:42:40,49.68367964,18.36277184,3.79,351.993,,21.950,97,31,37,,
T,2024-10-04 12:42:41,49.68365587,18.36307314,3.79,352.360,,21.970,98,33,37,,
T,2024-10-04 12:42:42,49.68362318,18.36337328,3.79,352.575,,22.010,99,32,36,,
T,2024-10-04 12:42:43,49.68359288,18.36367493,3.79,352.804,,22.050,99,32,36,,
T,2024-10-04 12:42:44,49.68356555,18.36397993,3.79,352.906,,22.050,98,32,36,,
T,2024-10-04 12:42:45,49.68353817,18.36428346,3.79,353.285,,22.080,97,32,36,,
T,2024-10-04 12:42:46,49.68351231,18.36458673,3.79,353.357,,22.110,97,32,37,,
T,2024-10-04 12:42:47,49.68348495,18.36489420,3.79,353.355,,22.130,97,32,37,,
T,2024-10-04 12:42:48,49.68345847,18.36519835,3.79,353.458,,22.140,97,32,39,,
T,2024-10-04 12:42:49,49.68343521,18.36550531,3.79,353.806,,22.170,97,33,39,,
T,2024-10-04 12:42:50,49.68341026,18.36580832,3.79,353.937,,22.140,97,33,39,,
T,2024-10-04 12:42:51,49.68338459,18.36611097,3.79,354.318,,22.080,97,32,38,,
T,2024-10-04 12:42:52,49.68335555,18.36641222,3.79,354.732,,22.060,97,32,38,,
T,2024-10-04 12:42:53,49.68332968,18.36671081,3.79,355.020,,22.020,97,32,37,,
T,2024-10-04 12:42:54,49.68330399,18.36701526,3.79,355.311,,21.980,97,32,36,,
T,2024-10-04 12:42:55,49.68327931,18.36731913,3.79,355.411,,21.930,97,31,37,,
T,2024-10-04 12:42:56,49.68325251,18.36762282,3.79,355.843,,22.080,97,31,37,,
T,2024-10-04 12:42:57,49.68322829,18.36793777,3.79,356.264,,22.660,97,30,37,,
T,2024-10-04 12:42:58,49.68320291,18.36824239,3.79,356.400,,22.610,97,29,36,,
T,2024-10-04 12:42:59,49.68317748,18.36855845,3.79,356.699,,22.880,97,28,35,,
T,2024-10-04 12:43:00,49.68315195,18.36887408,3.79,356.868,,23.160,97,27,35,,
T,2024-10-04 12:43:01,49.68312331,18.36919141,3.79,357.047,,23.440,98,27,36,,
T,2024-10-04 12:43:02,49.68309668,18.36951612,3.79,357.163,,23.670,98,30,37,,
T,2024-10-04 12:43:03,49.68307193,18.36984589,3.79,357.362,,23.910,97,32,37,,
T,2024-10-04 12:43:04,49.68304137,18.37017824,3.79,357.323,,24.130,97,33,37,,
T,2024-10-04 12:43:05,49.68301359,18.37051120,3.79,357.296,,24.270,97,33,37,,
T,2024-10-04 12:43:06,49.68298334,18.37084593,3.79,357.147,,24.320,97,33,37,,
T,2024-10-04 12:43:07,49.68295602,18.37118431,3.79,357.149,,24.330,97,33,38,,
T,2024-10-04 12:43:08,49.68293047,18.37152061,3.79,357.361,,24.340,97,32,38,,
T,2024-10-04 12:43:09,49.68290659,18.37185791,3.79,357.558,,24.360,97,34,38,,
T,2024-10-04 12:43:10,49.68287860,18.37219411,3.79,357.672,,24.400,97,34,39,,
T,2024-10-04 12:43:11,49.68285235,18.37253433,3.79,357.914,,24.470,97,34,40,,
T,2024-10-04 12:43:12,49.68282660,18.37287017,3.79,358.117,,24.470,97,34,39,,
T,2024-10-04 12:43:13,49.68280132,18.37320267,3.79,358.300,,24.370,97,34,39,,
T,2024-10-04 12:43:14,49.68277785,18.37353764,3.79,358.286,,24.230,97,34,39,,
T,2024-10-04 12:43:15,49.68275572,18.37386916,3.79,358.309,,24.080,96,34,39,,
T,2024-10-04 12:43:16,49.68273402,18.37419845,3.79,358.456,,23.950,96,33,39,,
T,2024-10-04 12:43:17,49.68270947,18.37452447,3.79,358.522,,23.850,96,33,38,,
T,2024-10-04 12:43:18,49.68268777,18.37484421,3.79,358.562,,23.400,96,33,38,,
T,2024-10-04 12:43:19,49.68266359,18.37515710,3.79,358.569,,22.910,96,33,38,,
T,2024-10-04 12:43:20,49.68264142,18.37546457,3.79,358.606,,22.740,96,33,39,,
T,2024-10-04 12:43:21,49.68261932,18.37577890,3.79,358.925,,22.780,96,34,39,,
T,2024-10-04 12:43:22,49.68260004,18.37609983,3.79,359.076,,22.940,96,33,38,,
T,2024-10-04 12:43:23,49.68257921,18.37642116,3.79,359.101,,23.120,96,32,37,,
T,2024-10-04 12:43:24,49.68256020,18.37674233,3.79,359.149,,23.250,96,33,39,,
T,2024-10-04 12:43:25,49.68254087,18.37706021,3.79,359.310,,23.370,96,33,38,,
T,2024-10-04 12:43:26,49.68252199,18.37738744,3.79,359.700,,23.470,95,33,37,,
T,2024-10-04 12:43:27,49.68250339,18.37771541,3.79,360.530,,23.800,95,33,37,,
T,2024-10-04 12:43:28,49.68248128,18.37804587,3.79,360.989,,23.930,95,33,38,,
T,2024-10-04 12:43:29,49.68246425,18.37837628,3.79,361.166,,23.970,95,33,37,,
T,2024-10-04 12:43:30,49.68245059,18.37870934,3.79,361.363,,24.110,94,33,37,,
T,2024-10-04 12:43:31,49.68243265,18.37904450,3.79,361.476,,24.240,94,33,37,,
T,2024-10-04 12:43:32,49.68241311,18.37938224,3.79,361.612,,24.360,94,33,37,,
T,2024-10-04 12:43:33,49.68239705,18.37972114,3.79,361.844,,24.490,94,33,37,,
T,2024-10-04 12:43:34,49.68238190,18.38006256,3.79,362.090,,24.600,94,33,37,,
T,2024-10-04 12:43:35,49.68236766,18.38040142,3.79,362.132,,24.700,94,33,38,,
T,2024-10-04 12:43:36,49.68235076,18.38074324,3.79,362.294,,24.780,94,33,39,,
T,2024-10-04 12:43:37,49.68233710,18.38108272,3.79,362.396,,24.850,94,33,38,,
T,2024-10-04 12:43:38,49.68231944,18.38142819,3.79,362.510,,24.910,93,33,38,,
T,2024-10-04 12:43:39,49.68230653,18.38176907,3.79,362.594,,24.970,94,35,38,,
T,2024-10-04 12:43:40,49.68228967,18.38211517,3.79,362.919,,25.020,94,35,38,,
T,2024-10-04 12:43:41,49.68227608,18.38246004,3.79,363.064,,25.070,94,35,38,,
T,2024-10-04 12:43:42,49.68225946,18.38280604,3.79,363.221,,25.110,94,34,38,,
T,2024-10-04 12:43:43,49.68224297,18.38315085,3.79,363.466,,25.140,94,34,38,,
T,2024-10-04 12:43:44,49.68223162,18.38350085,3.79,363.806,,25.190,94,34,38,,
T,2024-10-04 12:43:45,49.68221667,18.38384768,3.79,363.961,,25.170,94,34,38,,
T,2024-10-04 12:43:46,49.68220252,18.38419615,3.79,364.035,,25.250,94,34,38,,
T,2024-10-04 12:43:47,49.68219198,18.38454452,3.79,364.101,,25.290,94,34,38,,
T,2024-10-04 12:43:48,49.68217484,18.38488784,3.79,364.233,,25.310,94,34,39,,
T,2024-10-04 12:43:49,49.68216060,18.38524107,3.79,364.233,,25.350,94,35,40,,
T,2024-10-04 12:43:50,49.68214410,18.38559567,3.79,364.414,,25.400,94,35,40,,
T,2024-10-04 12:43:51,49.68212974,18.38595122,3.79,364.746,,25.450,94,36,40,,
T,2024-10-04 12:43:52,49.68211675,18.38630391,3.79,364.886,,25.510,94,36,40,,
T,2024-10-04 12:43:53,49.68210192,18.38665679,3.79,364.987,,25.560,94,35,39,,
T,2024-10-04 12:43:54,49.68208662,18.38701091,3.79,365.224,,25.590,94,35,38,,
T,2024-10-04 12:43:55,49.68207010,18.38735990,3.79,365.122,,25.620,94,36,39,,
T,2024-10-04 12:43:56,49.68205375,18.38771406,3.79,365.291,,25.650,94,36,39,,
T,2024-10-04 12:43:57,49.68203796,18.38806767,3.79,365.480,,25.680,94,35,38,,
T,2024-10-04 12:43:58,49.68201869,18.38842645,3.79,365.700,,25.710,95,35,38,,
T,2024-10-04 12:43:59,49.68200051,18.38878286,3.79,365.591,,25.720,95,34,38,,
T,2024-10-04 12:44:00,49.68198073,18.38914040,3.79,365.748,,25.750,95,34,38,,
T,2024-10-04 12:44:01,49.68196080,18.38949972,3.79,365.856,,25.780,95,33,37,,
T,2024-10-04 12:44:02,49.68193867,18.38985377,3.79,365.893,,25.810,96,33,36,,
T,2024-10-04 12:44:03,49.68191538,18.39021283,3.79,365.781,,25.830,96,33,37,,
T,2024-10-04 12:44:04,49.68189112,18.39057360,3.79,365.948,,25.840,96,34,37,,
T,2024-10-04 12:44:05,49.68186640,18.39092840,3.79,366.159,,25.860,97,34,37,,
T,2024-10-04 12:44:06,49.68183623,18.39128229,3.79,366.289,,25.880,97,34,36,,
T,2024-10-04 12:44:07,49.68180422,18.39163726,3.79,366.454,,25.870,98,34,36,,
T,2024-10-04 12:44:08,49.68177440,18.39198874,3.79,366.505,,25.860,98,34,36,,
T,2024-10-04 12:44:09,49.68174173,18.39234425,3.79,366.476,,25.850,99,34,36,,
T,2024-10-04 12:44:10,49.68170797,18.39269720,3.79,366.690,,25.840,99,34,36,,
T,2024-10-04 12:44:11,49.68167013,18.39304930,3.79,367.167,,25.830,99,34,36,,
T,2024-10-04 12:44:12,49.68163513,18.39340534,3.79,367.331,,25.820,100,34,36,,
T,2024-10-04 12:44:13,49.68159372,18.39375784,3.79,367.655,,25.820,101,34,36,,
T,2024-10-04 12:44:14,49.68155113,18.39410635,3.79,367.727,,25.810,101,34,36,,
T,2024-10-04 12:44:15,49.68150490,18.39445595,3.79,367.794,,25.790,101,34,36,,
T,2024-10-04 12:44:16,49.68145695,18.39480538,3.79,367.836,,25.760,102,34,36,,
T,2024-10-04 12:44:17,49.68141021,18.39515906,3.79,367.966,,25.750,103,34,36,,
T,2024-10-04 12:44:18,49.68135886,18.39550862,3.79,368.204,,25.700,103,33,35,,
T,2024-10-04 12:44:19,49.68130613,18.39585656,3.79,368.422,,25.680,104,33,35,,
T,2024-10-04 12:44:20,49.68125188,18.39620310,3.79,368.633,,25.620,104,33,35,,
T,2024-10-04 12:44:21,49.68119483,18.39654601,3.79,368.942,,25.560,104,32,34,,
T,2024-10-04 12:44:22,49.68113670,18.39688933,3.79,369.107,,25.530,105,32,35,,
T,2024-10-04 12:44:23,49.68107643,18.39723004,3.79,369.334,,25.500,106,34,37,,
T,2024-10-04 12:44:24,49.68101402,18.39757093,3.79,369.511,,25.460,106,34,37,,
T,2024-10-04 12:44:25,49.68094530,18.39790867,3.79,369.753,,25.340,108,34,37,,
T,2024-10-04 12:44:26,49.68087512,18.39823864,3.79,370.425,,25.140,109,34,37,,
T,2024-10-04 12:44:27,49.68080087,18.39856410,3.79,371.110,,24.850,110,33,36,,
T,2024-10-04 12:44:28,49.68072376,18.39888118,3.79,372.321,,24.490,112,33,36,,
T,2024-10-04 12:44:29,49.68063519,18.39918250,3.79,373.531,,24.090,116,35,37,,
T,2024-10-04 12:44:30,49.68053345,18.39947290,3.79,374.656,,23.700,121,35,37,,
T,2024-10-04 12:44:31,49.68041997,18.39974536,3.79,375.960,,23.290,126,34,36,,
T,2024-10-04 12:44:32,49.68029652,18.39999729,3.79,376.995,,22.890,130,34,36,,
T,2024-10-04 12:44:33,49.68016573,18.40023770,3.79,378.408,,22.670,132,34,36,,
T,2024-10-04 12:44:34,49.68003397,18.40047266,3.79,379.449,,22.610,132,34,36,,
T,2024-10-04 12:44:35,49.67990215,18.40071190,3.79,380.120,,22.570,132,34,37,,
T,2024-10-04 12:44:36,49.67977498,18.40095170,3.79,380.529,,22.320,131,35,37,,
T,2024-10-04 12:44:37,49.67965053,18.40118072,3.79,380.894,,21.830,130,35,37,,
T,2024-10-04 12:44:38,49.67953179,18.40140854,3.79,380.620,,21.400,128,35,38,,
T,2024-10-04 12:44:39,49.67941730,18.40163945,3.79,380.507,,21.050,126,36,39,,
T,2024-10-04 12:44:40,49.67930879,18.40187698,3.79,380.031,,20.790,122,36,39,,
T,2024-10-04 12:44:41,49.67921520,18.40211972,3.79,379.328,,20.640,117,36,39,,
T,2024-10-04 12:44:42,49.67912870,18.40237531,3.79,378.756,,20.590,113,36,39,,
T,2024-10-04 12:44:43,49.67905666,18.40263461,3.79,378.233,,20.430,108,36,39,,
T,2024-10-04 12:44:44,49.67899813,18.40290003,3.79,377.529,,20.320,103,35,38,,
T,2024-10-04 12:44:45,49.67895319,18.40317328,3.79,376.920,,20.180,98,35,38,,
T,2024-10-04 12:44:46,49.67892590,18.40345064,3.79,376.543,,20.020,93,35,38,,
T,2024-10-04 12:44:47,49.67890829,18.40372835,3.79,376.047,,19.830,89,34,37,,
T,2024-10-04 12:44:48,49.67890160,18.40400231,3.79,375.855,,19.600,86,35,38,,
T,2024-10-04 12:44:49,49.67890136,18.40427812,3.79,375.682,,19.450,85,34,38,,
T,2024-10-04 12:44:50,49.67889994,18.40455185,3.79,375.627,,19.580,87,34,38,,
T,2024-10-04 12:44:51,49.67889064,18.40482601,3.79,375.556,,19.870,90,35,39,,
T,2024-10-04 12:44:52,49.67887761,18.40510624,3.79,375.818,,20.290,94,34,37,,
T,2024-10-04 12:44:53,49.67885498,18.40539260,3.79,375.942,,20.740,98,33,36,,
T,2024-10-04 12:44:54,49.67881915,18.40567909,3.79,376.129,,21.130,103,33,36,,
T,2024-10-04 12:44:55,49.67876991,18.40596927,3.79,376.365,,21.540,108,33,36,,
T,2024-10-04 12:44:56,49.67870415,18.40625102,3.79,376.855,,21.880,113,34,37,,
T,2024-10-04 12:44:57,49.67862122,18.40653491,3.79,376.967,,22.230,117,34,40,,
T,2024-10-04 12:44:58,49.67853244,18.40681415,3.79,377.502,,22.620,120,34,40,,
T,2024-10-04 12:44:59,49.67843829,18.40709594,3.79,377.905,,22.890,120,34,40,,
T,2024-10-04 12:45:00,49.67833506,18.40737508,3.79,377.900,,23.520,120,35,39,,
T,2024-10-04 12:45:01,49.67824100,18.40767502,3.79,378.441,,23.930,119,34,39,,
T,2024-10-04 12:45:02,49.67814536,18.40797863,3.79,378.655,,24.270,118,35,39,,
T,2024-10-04 12:45:03,49.67804819,18.40828037,3.79,379.128,,24.360,116,35,40,,
T,2024-10-04 12:45:04,49.67795028,18.40857935,3.79,379.250,,24.190,116,34,39,,
T,2024-10-04 12:45:05,49.67785777,18.40887790,3.79,379.815,,23.910,116,34,39,,
T,2024-10-04 12:45:06,49.67776416,18.40917149,3.79,379.794,,23.680,117,35,40,,
T,2024-10-04 12:45:07,49.67766815,18.40947057,3.79,380.333,,23.520,117,35,40,,
T,2024-10-04 12:45:08,49.67757253,18.40976409,3.79,380.725,,23.400,117,35,40,,
T,2024-10-04 12:45:09,49.67747890,18.41005682,3.79,380.811,,23.450,117,34,39,,
T,2024-10-04 12:45:10,49.67738537,18.41034813,3.79,381.031,,23.570,116,35,39,,
T,2024-10-04 12:45:11,49.67729228,18.41064664,3.79,381.161,,23.790,116,35,39,,
T,2024-10-04 12:45:12,49.67719826,18.41094708,3.79,381.469,,24.060,115,36,40,,
T,2024-10-04 12:45:13,49.67710723,18.41125644,3.79,381.498,,24.460,114,36,40,,
T,2024-10-04 12:45:14,49.67701786,18.41157462,3.79,381.495,,24.910,113,36,40,,
T,2024-10-04 12:45:15,49.67692811,18.41189713,3.79,381.820,,25.330,113,35,39,,
T,2024-10-04 12:45:16,49.67684340,18.41222489,3.79,381.997,,25.320,112,35,39,,
T,2024-10-04 12:45:17,49.67675742,18.41255043,3.79,382.045,,24.930,112,35,38,,
T,2024-10-04 12:45:18,49.67667809,18.41287082,3.79,382.169,,24.520,111,35,38,,
T,2024-10-04 12:45:19,49.67660315,18.41318456,3.79,382.496,,24.150,110,36,39,,
T,2024-10-04 12:45:20,49.67653170,18.41349681,3.79,382.627,,23.860,109,36,38,,
T,2024-10-04 12:45:21,49.67646328,18.41380552,3.79,383.025,,23.630,108,35,37,,
T,2024-10-04 12:45:22,49.67640022,18.41411519,3.79,383.304,,23.490,107,35,38,,
T,2024-10-04 12:45:23,49.67633765,18.41442546,3.79,383.601,,23.410,107,34,37,,
T,2024-10-04 12:45:24,49.67627824,18.41473216,3.79,383.893,,23.320,106,34,38,,
T,2024-10-04 12:45:25,49.67622176,18.41503954,3.79,384.062,,23.300,105,35,39,,
T,2024-10-04 12:45:26,49.67616958,18.41535041,3.79,384.401,,23.350,104,35,39,,
T,2024-10-04 12:45:27,49.67611915,18.41566200,3.79,384.617,,23.420,104,35,39,,
T,2024-10-04 12:45:28,49.67607133,18.41597779,3.79,384.944,,23.460,103,35,39,,
T,2024-10-04 12:45:29,49.67602660,18.41629596,3.79,385.057,,23.630,102,35,40,,
T,2024-10-04 12:45:30,49.67598702,18.41662444,3.79,385.202,,24.020,101,36,40,,
T,2024-10-04 12:45:31,49.67594418,18.41695652,3.79,385.513,,24.470,99,35,40,,
T,2024-10-04 12:45:32,49.67591108,18.41729828,3.79,385.684,,24.980,97,35,40,,
T,2024-10-04 12:45:33,49.67588162,18.41764806,3.79,386.072,,25.440,97,35,40,,
T,2024-10-04 12:45:34,49.67585436,18.41800527,3.79,386.186,,25.930,97,35,40,,
T,2024-10-04 12:45:35,49.67582381,18.41836909,3.79,386.309,,26.310,97,35,40,,
T,2024-10-04 12:45:36,49.67579184,18.41873308,3.79,386.695,,26.360,98,34,39,,
T,2024-10-04 12:45:37,49.67576338,18.41909634,3.79,386.896,,26.250,98,33,39,,
T,2024-10-04 12:45:38,49.67572857,18.41945181,3.79,387.026,,26.090,99,33,39,,
T,2024-10-04 12:45:39,49.67569116,18.41980844,3.79,387.337,,25.990,99,33,39,,
T,2024-10-04 12:45:40,49.67564973,18.42016480,3.79,387.540,,26.020,100,34,40,,
T,2024-10-04 12:45:41,49.67560867,18.42051779,3.79,387.903,,26.090,101,35,41,,
T,2024-10-04 12:45:42,49.67556202,18.42087145,3.79,387.959,,26.200,101,35,41,,
T,2024-10-04 12:45:43,49.67551574,18.42123245,3.79,388.004,,26.300,102,35,41,,
T,2024-10-04 12:45:44,49.67546480,18.42159147,3.79,388.362,,26.360,103,35,40,,
T,2024-10-04 12:45:45,49.67540769,18.42194651,3.79,388.627,,26.430,104,35,40,,
T,2024-10-04 12:45:46,49.67534965,18.42229767,3.79,388.985,,26.450,105,35,39,,
T,2024-10-04 12:45:47,49.67528815,18.42265210,3.79,389.099,,26.380,106,35,39,,
T,2024-10-04 12:45:48,49.67522004,18.42300078,3.79,389.469,,26.270,107,35,39,,
T,2024-10-04 12:45:49,49.67515039,18.42334966,3.79,389.916,,26.140,108,36,39,,
T,2024-10-04 12:45:50,49.67507759,18.42369184,3.79,390.265,,26.000,109,36,39,,
T,2024-10-04 12:45:51,49.67499951,18.42402964,3.79,390.872,,25.860,110,37,39,,
T,2024-10-04 12:45:52,49.67492182,18.42436737,3.79,391.157,,25.740,111,37,39,,
T,2024-10-04 12:45:53,49.67484008,18.42470246,3.79,391.541,,25.710,111,36,40,,
T,2024-10-04 12:45:54,49.67475436,18.42503331,3.79,392.030,,25.690,112,36,39,,
T,2024-10-04 12:45:55,49.67466669,18.42535712,3.79,392.466,,25.710,113,36,39,,
T,2024-10-04 12:45:56,49.67457215,18.42568388,3.79,392.693,,25.740,114,36,39,,
T,2024-10-04 12:45:57,49.67447731,18.42600072,3.79,393.311,,25.530,115,35,39,,
T,2024-10-04 12:45:58,49.67437975,18.42632099,3.79,393.893,,25.750,116,34,38,,
T,2024-10-04 12:45:59,49.67427683,18.42664528,3.79,394.269,,25.770,116,35,39,,
T,2024-10-04 12:46:00,49.67417596,18.42696665,3.79,394.612,,25.780,116,36,40,,
T,2024-10-04 12:46:01,49.67407388,18.42728871,3.79,395.222,,25.790,116,36,40,,
T,2024-10-04 12:46:02,49.67397228,18.42760906,3.79,395.734,,25.800,116,36,40,,
T,2024-10-04 12:46:03,49.67387522,18.42793227,3.79,396.147,,25.790,116,36,40,,
T,2024-10-04 12:46:04,49.67377623,18.42825910,3.79,396.781,,25.780,115,36,41,,
T,2024-10-04 12:46:05,49.67367729,18.42858487,3.79,397.166,,25.790,115,37,41,,
T,2024-10-04 12:46:06,49.67357882,18.42890802,3.79,397.366,,25.750,115,37,41,,
T,2024-10-04 12:46:07,49.67348208,18.42923073,3.79,398.017,,25.760,114,37,41,,
T,2024-10-04 12:46:08,49.67338419,18.42955748,3.79,398.532,,25.750,114,37,41,,
T,2024-10-04 12:46:09,49.67328896,18.42988868,3.79,399.134,,25.750,114,37,41,,
T,2024-10-04 12:46:10,49.67319717,18.43022039,3.79,399.583,,25.590,113,37,41,,
T,2024-10-04 12:46:11,49.67310601,18.43054776,3.79,400.014,,25.750,113,37,41,,
T,2024-10-04 12:46:12,49.67301651,18.43087617,3.79,400.771,,25.730,113,37,41,,
T,2024-10-04 12:46:13,49.67292657,18.43120529,3.79,400.978,,25.730,112,36,41,,
T,2024-10-04 12:46:14,49.67283786,18.43153298,3.79,401.187,,25.780,112,36,41,,
T,2024-10-04 12:46:15,49.67275101,18.43186193,3.79,401.298,,25.750,112,36,41,,
T,2024-10-04 12:46:16,49.67266795,18.43219453,3.79,401.737,,25.750,111,36,41,,
T,2024-10-04 12:46:17,49.67258459,18.43252743,3.79,402.098,,25.780,111,36,41,,
T,2024-10-04 12:46:18,49.67250240,18.43286113,3.79,402.368,,25.800,111,36,41,,
T,2024-10-04 12:46:19,49.67241895,18.43319340,3.79,402.568,,25.760,110,36,41,,
T,2024-10-04 12:46:20,49.67233338,18.43353369,3.79,402.189,,25.890,110,36,41,,
T,2024-10-04 12:46:21,49.67225431,18.43387172,3.79,402.160,,25.890,110,36,41,,
T,2024-10-04 12:46:22,49.67217437,18.43420691,3.79,402.646,,25.930,110,36,41,,
T,2024-10-04 12:46:23,49.67209478,18.43454503,3.79,402.525,,26.000,109,36,41,,
T,2024-10-04 12:46:24,49.67202158,18.43488804,3.79,402.698,,26.080,108,36,41,,
T,2024-10-04 12:46:25,49.67194923,18.43523582,3.79,402.737,,26.170,108,36,41,,
T,2024-10-04 12:46:26,49.67187970,18.43558240,3.79,402.488,,26.250,107,37,41,,
T,2024-10-04 12:46:27,49.67180764,18.43592914,3.79,402.567,,26.340,107,37,41,,
T,2024-10-04 12:46:28,49.67174038,18.43628058,3.79,402.446,,26.400,107,37,40,,
T,2024-10-04 12:46:29,49.67167378,18.43663504,3.79,402.368,,26.460,107,37,40,,
T,2024-10-04 12:46:30,49.67160545,18.43698584,3.79,402.191,,26.570,107,37,40,,
T,2024-10-04 12:46:31,49.67153895,18.43734114,3.79,401.763,,26.620,107,36,39,,
T,2024-10-04 12:46:32,49.67146834,18.43769462,3.79,401.371,,26.680,107,35,39,,
T,2024-10-04 12:46:33,49.67139886,18.43805108,3.79,400.773,,26.710,107,34,39,,
T,2024-10-04 12:46:34,49.67132986,18.43840472,3.79,400.567,,26.740,107,33,39,,
T,2024-10-04 12:46:35,49.67125805,18.43875734,3.79,400.375,,26.700,107,33,40,,
T,2024-10-04 12:46:36,49.67119114,18.43910682,3.79,400.332,,26.640,107,34,40,,
T,2024-10-04 12:46:37,49.67112166,18.43945770,3.79,400.242,,26.520,107,35,40,,
T,2024-10-04 12:46:38,49.67105317,18.43980302,3.79,400.450,,26.370,107,35,40,,
T,2024-10-04 12:46:39,49.67098512,18.44014843,3.79,400.712,,26.180,107,36,40,,
T,2024-10-04 12:46:40,49.67091994,18.44049537,3.79,401.150,,25.960,107,37,39,,
T,2024-10-04 12:46:41,49.67085379,18.44083587,3.79,401.115,,25.760,107,37,39,,
T,2024-10-04 12:46:42,49.67078802,18.44117491,3.79,401.498,,25.560,107,37,39,,
T,2024-10-04 12:46:43,49.67071991,18.44151142,3.79,401.941,,25.370,107,36,39,,
T,2024-10-04 12:46:44,49.67065555,18.44184476,3.79,402.399,,25.210,107,37,39,,
T,2024-10-04 12:46:45,49.67059028,18.44217544,3.79,403.017,,25.090,107,37,40,,
T,2024-10-04 12:46:46,49.67052686,18.44250201,3.79,403.560,,25.040,107,36,40,,
T,2024-10-04 12:46:47,49.67046158,18.44283155,3.79,404.177,,25.020,107,36,41,,
T,2024-10-04 12:46:48,49.67039264,18.44316492,3.79,404.593,,25.010,107,36,41,,
T,2024-10-04 12:46:49,49.67032781,18.44350031,3.79,405.057,,24.980,107,36,41,,
T,2024-10-04 12:46:50,49.67026269,18.44383316,3.79,405.548,,25.000,107,36,41,,
T,2024-10-04 12:46:51,49.67019640,18.44416771,3.79,405.424,,25.020,107,36,41,,
T,2024-10-04 12:46:52,49.67012977,18.44450549,3.79,405.491,,25.070,107,36,41,,
T,2024-10-04 12:46:53,49.67006288,18.44484104,3.79,405.589,,25.140,107,36,41,,
T,2024-10-04 12:46:54,49.66999965,18.44517553,3.79,405.662,,25.200,107,36,41,,
T,2024-10-04 12:46:55,49.66993233,18.44550975,3.79,405.447,,25.300,107,36,41,,
T,2024-10-04 12:46:56,49.66986742,18.44585138,3.79,405.125,,25.420,107,36,41,,
T,2024-10-04 12:46:57,49.66979894,18.44619172,3.79,404.612,,25.560,107,35,41,,
T,2024-10-04 12:46:58,49.66973326,18.44653106,3.79,404.510,,25.720,107,35,41,,
T,2024-10-04 12:46:59,49.66966729,18.44687996,3.79,404.491,,25.880,107,35,41,,
T,2024-10-04 12:47:00,49.66960210,18.44722517,3.79,404.064,,26.030,107,35,41,,
T,2024-10-04 12:47:01,49.66953559,18.44757154,3.79,403.911,,26.140,106,35,41,,
T,2024-10-04 12:47:02,49.66946846,18.44791868,3.79,403.746,,26.260,107,35,41,,
T,2024-10-04 12:47:03,49.66939970,18.44826771,3.79,403.100,,26.370,107,34,40,,
T,2024-10-04 12:47:04,49.66933231,18.44861780,3.79,403.115,,26.400,107,34,40,,
T,2024-10-04 12:47:05,49.66926713,18.44896732,3.79,403.301,,26.400,107,34,40,,
T,2024-10-04 12:47:06,49.66919823,18.44932049,3.79,403.442,,26.350,107,34,41,,
T,2024-10-04 12:47:07,49.66913141,18.44966501,3.79,403.669,,26.280,107,35,41,,
T,2024-10-04 12:47:08,49.66906420,18.45001569,3.79,403.692,,26.150,107,35,41,,
T,2024-10-04 12:47:09,49.66899638,18.45035906,3.79,403.736,,25.980,107,37,41,,
T,2024-10-04 12:47:10,49.66892942,18.45070265,3.79,404.092,,25.910,107,37,41,,
T,2024-10-04 12:47:11,49.66886540,18.45104583,3.79,404.241,,25.980,107,36,40,,
T,2024-10-04 12:47:12,49.66879870,18.45139012,3.79,404.720,,25.870,107,36,40,,
T,2024-10-04 12:47:13,49.66873296,18.45173573,3.79,404.903,,25.970,107,35,41,,
T,2024-10-04 12:47:14,49.66866597,18.45207946,3.79,405.012,,26.110,107,35,41,,
T,2024-10-04 12:47:15,49.66859933,18.45242523,3.79,405.153,,26.260,107,35,41,,
T,2024-10-04 12:47:16,49.66852881,18.45277864,3.79,405.291,,26.380,107,35,40,,
T,2024-10-04 12:47:17,49.66846129,18.45312756,3.79,405.384,,26.450,107,35,40,,
T,2024-10-04 12:47:18,49.66839109,18.45348095,3.79,405.580,,26.500,107,35,39,,
T,2024-10-04 12:47:19,49.66832570,18.45383043,3.79,405.717,,26.500,107,35,39,,
T,2024-10-04 12:47:20,49.66825655,18.45417789,3.79,405.676,,26.350,107,35,40,,
T,2024-10-04 12:47:21,49.66818958,18.45452514,3.79,405.524,,26.140,107,37,40,,
T,2024-10-04 12:47:22,49.66812055,18.45487071,3.79,405.680,,26.020,107,36,40,,
T,2024-10-04 12:47:23,49.66805190,18.45522384,3.79,405.477,,26.030,107,36,40,,
T,2024-10-04 12:47:24,49.66798605,18.45556969,3.79,405.316,,26.020,107,35,40,,
T,2024-10-04 12:47:25,49.66792025,18.45591270,3.79,405.161,,25.930,107,33,40,,
T,2024-10-04 12:47:26,49.66785277,18.45625354,3.79,404.760,,25.920,107,33,38,,
T,2024-10-04 12:47:27,49.66778458,18.45659591,3.79,404.309,,25.920,107,33,38,,
T,2024-10-04 12:47:28,49.66771873,18.45693363,3.79,404.102,,25.890,106,34,38,,
T,2024-10-04 12:47:29,49.66765395,18.45727720,3.79,403.760,,25.790,105,34,38,,
T,2024-10-04 12:47:30,49.66759398,18.45762167,3.79,403.193,,25.770,105,35,38,,
T,2024-10-04 12:47:31,49.66753978,18.45797068,3.79,402.966,,25.730,104,35,38,,
T,2024-10-04 12:47:32,49.66748516,18.45831731,3.79,402.482,,25.680,103,35,38,,
T,2024-10-04 12:47:33,49.66743337,18.45866261,3.79,402.313,,25.600,102,35,38,,
T,2024-10-04 12:47:34,49.66739260,18.45900743,3.79,401.947,,25.510,100,34,38,,
T,2024-10-04 12:47:35,49.66735645,18.45935385,3.79,401.821,,25.430,98,36,39,,
T,2024-10-04 12:47:36,49.66732578,18.45969923,3.79,401.579,,25.370,97,36,40,,
T,2024-10-04 12:47:37,49.66730065,18.46004629,3.79,401.278,,25.270,95,37,40,,
T,2024-10-04 12:47:38,49.66728104,18.46039325,3.79,401.194,,25.180,94,37,40,,
T,2024-10-04 12:47:39,49.66726795,18.46073886,3.79,401.122,,25.110,93,37,39,,
T,2024-10-04 12:47:40,49.66726263,18.46108525,3.79,400.887,,25.110,91,36,39,,
T,2024-10-04 12:47:41,49.66726122,18.46143264,3.79,400.383,,25.080,90,35,39,,
T,2024-10-04 12:47:42,49.66726484,18.46178199,3.79,399.880,,25.050,89,35,39,,
T,2024-10-04 12:47:43,49.66727127,18.46212924,3.79,399.596,,24.990,87,36,39,,
T,2024-10-04 12:47:44,49.66728674,18.46247372,3.79,399.439,,24.920,85,34,37,,
T,2024-10-04 12:47:45,49.66730476,18.46281852,3.79,399.113,,24.810,84,34,37,,
T,2024-10-04 12:47:46,49.66733108,18.46315805,3.79,398.816,,24.690,83,36,39,,
T,2024-10-04 12:47:47,49.66736561,18.46349965,3.79,398.676,,24.570,82,36,39,,
T,2024-10-04 12:47:48,49.66740299,18.46383457,3.79,398.261,,24.400,80,36,39,,
T,2024-10-04 12:47:49,49.66744360,18.46416769,3.79,398.087,,24.230,79,36,40,,
T,2024-10-04 12:47:50,49.66748587,18.46449648,3.79,398.021,,24.040,78,36,39,,
T,2024-10-04 12:47:51,49.66753393,18.46481944,3.79,397.992,,23.860,76,36,39,,
T,2024-10-04 12:47:52,49.66758527,18.46514044,3.79,398.048,,23.920,75,36,40,,
T,2024-10-04 12:47:53,49.66764597,18.46546059,3.79,398.070,,24.190,73,35,39,,
T,2024-10-04 12:47:54,49.66771479,18.46578168,3.79,398.108,,24.440,71,35,39,,
T,2024-10-04 12:47:55,49.66778875,18.46610549,3.79,398.258,,24.720,70,35,38,,
T,2024-10-04 12:47:56,49.66786519,18.46642989,3.79,398.391,,24.950,69,35,38,,
T,2024-10-04 12:47:57,49.66794846,18.46675526,3.79,398.515,,25.090,67,35,37,,
T,2024-10-04 12:47:58,49.66803731,18.46707668,3.79,398.866,,25.220,66,35,37,,
T,2024-10-04 12:47:59,49.66813309,18.46739468,3.79,399.265,,25.260,65,35,39,,
T,2024-10-04 12:48:00,49.66823547,18.46771205,3.79,399.713,,25.290,64,34,39,,
T,2024-10-04 12:48:01,49.66834214,18.46802591,3.79,399.891,,25.320,62,35,39,,
T,2024-10-04 12:48:02,49.66845300,18.46833175,3.79,400.188,,25.390,61,36,38,,
T,2024-10-04 12:48:03,49.66856708,18.46863616,3.79,400.541,,25.430,60,36,38,,
T,2024-10-04 12:48:04,49.66868038,18.46894127,3.79,400.677,,25.470,59,36,39,,
T,2024-10-04 12:48:05,49.66880022,18.46924119,3.79,400.760,,25.500,59,34,37,,
T,2024-10-04 12:48:06,49.66892006,18.46954542,3.79,400.837,,25.540,59,34,36,,
T,2024-10-04 12:48:07,49.66904045,18.46984602,3.79,401.158,,25.540,59,35,37,,
T,2024-10-04 12:48:08,49.66916157,18.47014892,3.79,401.574,,25.530,59,35,38,,
T,2024-10-04 12:48:09,49.66928059,18.47045596,3.79,401.706,,25.490,59,34,38,,
T,2024-10-04 12:48:10,49.66939818,18.47075643,3.79,402.205,,25.480,59,34,38,,
T,2024-10-04 12:48:11,49.66951720,18.47105825,3.79,402.252,,25.470,59,33,39,,
T,2024-10-04 12:48:12,49.66963669,18.47135989,3.79,402.367,,25.560,59,33,38,,
T,2024-10-04 12:48:13,49.66975627,18.47166225,3.79,402.507,,25.650,59,33,38,,
T,2024-10-04 12:48:14,49.66987542,18.47196757,3.79,402.604,,25.700,59,34,39,,
T,2024-10-04 12:48:15,49.66999541,18.47227070,3.79,402.733,,25.610,59,33,38,,
T,2024-10-04 12:48:16,49.67011419,18.47257111,3.79,402.879,,25.480,59,32,37,,
T,2024-10-04 12:48:17,49.67023224,18.47287269,3.79,402.964,,25.350,59,32,37,,
T,2024-10-04 12:48:18,49.67035022,18.47317114,3.79,402.884,,25.200,59,34,39,,
T,2024-10-04 12:48:19,49.67046845,18.47346929,3.79,402.678,,25.080,59,34,38,,
T,2024-10-04 12:48:20,49.67058446,18.47376453,3.79,402.653,,24.980,59,34,38,,
T,2024-10-04 12:48:21,49.67069959,18.47405907,3.79,402.755,,24.890,59,34,38,,
T,2024-10-04 12:48:22,49.67081656,18.47434955,3.79,402.551,,24.820,59,34,38,,
T,2024-10-04 12:48:23,49.67093147,18.47464350,3.79,402.460,,24.770,59,33,38,,
T,2024-10-04 12:48:24,49.67104652,18.47493439,3.79,402.389,,24.740,59,32,38,,
T,2024-10-04 12:48:25,49.67116171,18.47522917,3.79,402.410,,24.760,59,32,38,,
T,2024-10-04 12:48:26,49.67127632,18.47552332,3.79,402.309,,24.870,59,33,38,,
T,2024-10-04 12:48:27,49.67139577,18.47582197,3.79,402.156,,25.010,59,33,38,,
T,2024-10-04 12:48:28,49.67151220,18.47612021,3.79,401.886,,25.160,59,34,38,,
T,2024-10-04 12:48:29,49.67162849,18.47642065,3.79,401.709,,25.360,59,34,37,,
T,2024-10-04 12:48:30,49.67175018,18.47671856,3.79,401.679,,25.540,59,34,37,,
T,2024-10-04 12:48:31,49.67187207,18.47702359,3.79,401.706,,25.790,59,33,38,,
T,2024-10-04 12:48:32,49.67199354,18.47733692,3.79,401.563,,26.010,59,32,37,,
T,2024-10-04 12:48:33,49.67211939,18.47765128,3.79,401.194,,26.210,59,32,37,,
T,2024-10-04 12:48:34,49.67223539,18.47796560,3.79,401.119,,26.380,58,32,37,,
T,2024-10-04 12:48:35,49.67236020,18.47828041,3.79,401.019,,26.550,59,32,37,,
T,2024-10-04 12:48:36,49.67248654,18.47859508,3.79,400.884,,26.750,59,34,37,,
T,2024-10-04 12:48:37,49.67261158,18.47890997,3.79,400.731,,26.880,59,34,37,,
T,2024-10-04 12:48:38,49.67273373,18.47923018,3.79,400.842,,27.010,59,33,38,,
T,2024-10-04 12:48:39,49.67285897,18.47955210,3.79,400.682,,27.100,59,34,38,,
T,2024-10-04 12:48:40,49.67298501,18.47987177,3.79,400.491,,27.060,59,33,37,,
T,2024-10-04 12:48:41,49.67311060,18.48019160,3.79,400.504,,27.030,59,33,37,,
T,2024-10-04 12:48:42,49.67323742,18.48051071,3.79,400.308,,26.930,58,32,36,,
T,2024-10-04 12:48:43,49.67335958,18.48082596,3.79,400.336,,26.790,59,32,36,,
T,2024-10-04 12:48:44,49.67348818,18.48113986,3.79,400.362,,26.630,59,33,38,,
T,2024-10-04 12:48:45,49.67361041,18.48145577,3.79,400.227,,26.370,59,35,38,,
T,2024-10-04 12:48:46,49.67373176,18.48176586,3.79,400.438,,26.160,59,34,37,,
T,2024-10-04 12:48:47,49.67385162,18.48207425,3.79,400.722,,25.930,59,33,36,,
T,2024-10-04 12:48:48,49.67397142,18.48237977,3.79,400.833,,25.790,59,34,37,,
T,2024-10-04 12:48:49,49.67409243,18.48268577,3.79,401.098,,25.690,59,35,38,,
T,2024-10-04 12:48:50,49.67421287,18.48298670,3.79,401.349,,25.570,59,34,38,,
T,2024-10-04 12:48:51,49.67433181,18.48328991,3.79,401.771,,25.460,59,32,38,,
T,2024-10-04 12:48:52,49.67444852,18.48358814,3.79,402.142,,25.340,59,32,38,,
T,2024-10-04 12:48:53,49.67456745,18.48388770,3.79,402.477,,25.320,59,32,38,,
T,2024-10-04 12:48:54,49.67468826,18.48418811,3.79,402.872,,25.280,59,32,38,,
T,2024-10-04 12:48:55,49.67480688,18.48448782,3.79,403.196,,25.290,59,33,38,,
T,2024-10-04 12:48:56,49.67492673,18.48478696,3.79,403.551,,25.320,59,33,37,,
T,2024-10-04 12:48:57,49.67504623,18.48508753,3.79,403.813,,25.380,59,33,38,,
T,2024-10-04 12:48:58,49.67516322,18.48538768,3.79,404.067,,25.470,59,34,38,,
T,2024-10-04 12:48:59,49.67528183,18.48569025,3.79,404.344,,25.630,59,34,38,,
T,2024-10-04 12:49:00,49.67540229,18.48599334,3.79,404.692,,25.770,59,33,39,,
T,2024-10-04 12:49:01,49.67552202,18.48630146,3.79,404.945,,25.890,59,34,37,,
T,2024-10-04 12:49:02,49.67564081,18.48661350,3.79,404.970,,25.970,59,34,37,,
T,2024-10-04 12:49:03,49.67576071,18.48692099,3.79,405.250,,26.070,59,35,39,,
T,2024-10-04 12:49:04,49.67588518,18.48723154,3.79,405.570,,26.170,59,35,39,,
T,2024-10-04 12:49:05,49.67600683,18.48754419,3.79,405.785,,26.250,60,35,39,,
T,2024-10-04 12:49:06,49.67612619,18.48785824,3.79,406.059,,26.330,60,34,38,,
T,2024-10-04 12:49:07,49.67624667,18.48817029,3.79,406.613,,26.420,60,34,38,,
T,2024-10-04 12:49:08,49.67636732,18.48848612,3.79,406.943,,26.510,60,35,39,,
T,2024-10-04 12:49:09,49.67648780,18.48880479,3.79,407.007,,26.570,60,35,39,,
T,2024-10-04 12:49:10,49.67660811,18.48912915,3.79,407.276,,26.670,60,35,39,,
T,2024-10-04 12:49:11,49.67672817,18.48944987,3.79,407.649,,26.780,60,35,39,,
T,2024-10-04 12:49:12,49.67685011,18.48976988,3.79,408.008,,26.850,60,35,39,,
T,2024-10-04 12:49:13,49.67697138,18.49009299,3.79,408.176,,26.910,60,35,39,,
T,2024-10-04 12:49:14,49.67708804,18.49041880,3.79,408.211,,26.940,60,35,40,,
T,2024-10-04 12:49:15,49.67720786,18.49074618,3.79,408.209,,26.900,60,36,40,,
T,2024-10-04 12:49:16,49.67732621,18.49106663,3.79,408.172,,26.790,61,36,40,,
T,2024-10-04 12:49:17,49.67744500,18.49138854,3.79,408.034,,26.610,61,36,40,,
T,2024-10-04 12:49:18,49.67756174,18.49170694,3.79,407.876,,26.420,61,35,39,,
T,2024-10-04 12:49:19,49.67768005,18.49202272,3.79,407.929,,26.240,61,35,39,,
T,2024-10-04 12:49:20,49.67779077,18.49234456,3.79,407.777,,26.070,61,35,39,,
T,2024-10-04 12:49:21,49.67790586,18.49266257,3.79,407.842,,25.940,61,35,39,,
T,2024-10-04 12:49:22,49.67801798,18.49297326,3.79,407.469,,25.860,61,34,38,,
T,2024-10-04 12:49:23,49.67813410,18.49328514,3.79,407.559,,25.810,60,34,38,,
T,2024-10-04 12:49:24,49.67824860,18.49359029,3.79,407.411,,25.750,60,34,39,,
T,2024-10-04 12:49:25,49.67836150,18.49389789,3.79,407.316,,25.740,61,34,37,,
T,2024-10-04 12:49:26,49.67847683,18.49421163,3.79,407.153,,25.740,61,34,37,,
T,2024-10-04 12:49:27,49.67859030,18.49452567,3.79,406.849,,25.750,61,34,37,,
T,2024-10-04 12:49:28,49.67870408,18.49483585,3.79,406.639,,25.760,61,34,38,,
T,2024-10-04 12:49:29,49.67881391,18.49515124,3.79,406.451,,25.760,61,36,40,,
T,2024-10-04 12:49:30,49.67892546,18.49546436,3.79,406.423,,25.800,61,36,40,,
T,2024-10-04 12:49:31,49.67904128,18.49578092,3.79,406.001,,25.930,61,35,39,,
T,2024-10-04 12:49:32,49.67915453,18.49609919,3.79,406.018,,26.050,61,35,38,,
T,2024-10-04 12:49:33,49.67926848,18.49641207,3.79,405.799,,26.160,61,35,38,,
T,2024-10-04 12:49:34,49.67938304,18.49672961,3.79,405.799,,26.240,61,35,39,,
T,2024-10-04 12:49:35,49.67949787,18.49704478,3.79,405.515,,26.220,61,35,39,,
T,2024-10-04 12:49:36,49.67960940,18.49736002,3.79,405.134,,26.200,61,35,39,,
T,2024-10-04 12:49:37,49.67972459,18.49767931,3.79,404.913,,26.170,61,35,39,,
T,2024-10-04 12:49:38,49.67983949,18.49799367,3.79,404.821,,26.180,61,35,40,,
T,2024-10-04 12:49:39,49.67995456,18.49831188,3.79,404.721,,26.150,61,35,40,,
T,2024-10-04 12:49:40,49.68007074,18.49862822,3.79,404.698,,26.190,61,35,38,,
T,2024-10-04 12:49:41,49.68018388,18.49894730,3.79,404.755,,26.210,61,35,38,,
T,2024-10-04 12:49:42,49.68029885,18.49926401,3.79,404.824,,26.180,61,35,38,,
T,2024-10-04 12:49:43,49.68041541,18.49957753,3.79,404.954,,26.180,60,35,38,,
T,2024-10-04 12:49:44,49.68053291,18.49989145,3.79,405.031,,26.160,60,35,38,,
T,2024-10-04 12:49:45,49.68064587,18.50020318,3.79,405.114,,26.090,60,35,39,,
T,2024-10-04 12:49:46,49.68076159,18.50051895,3.79,405.336,,25.970,61,35,39,,
T,2024-10-04 12:49:47,49.68087315,18.50083232,3.79,405.558,,25.830,61,35,39,,
T,2024-10-04 12:49:48,49.68098286,18.50114193,3.79,405.951,,25.660,62,35,39,,
T,2024-10-04 12:49:49,49.68109403,18.50145430,3.79,406.363,,25.480,61,35,39,,
T,2024-10-04 12:49:50,49.68120495,18.50176099,3.79,406.765,,25.350,61,35,39,,
T,2024-10-04 12:49:51,49.68131857,18.50206730,3.79,407.066,,25.360,61,35,39,,
T,2024-10-04 12:49:52,49.68143112,18.50237250,3.79,407.488,,25.400,61,35,39,,
T,2024-10-04 12:49:53,49.68154500,18.50268215,3.79,407.683,,25.500,61,35,39,,
T,2024-10-04 12:49:54,49.68165837,18.50299069,3.79,408.198,,25.710,61,35,39,,
T,2024-10-04 12:49:55,49.68177403,18.50330385,3.79,408.760,,25.970,61,34,38,,
T,2024-10-04 12:49:56,49.68189089,18.50362056,3.79,409.302,,26.180,61,34,38,,
T,2024-10-04 12:49:57,49.68200758,18.50394036,3.79,409.882,,26.320,61,34,38,,
T,2024-10-04 12:49:58,49.68212134,18.50425807,3.79,410.068,,26.440,61,34,38,,
T,2024-10-04 12:49:59,49.68223831,18.50457621,3.79,410.485,,26.500,61,35,39,,
T,2024-10-04 12:50:00,49.68235619,18.50489883,3.79,410.657,,26.520,61,35,39,,
T,2024-10-04 12:50:01,49.68247215,18.50522188,3.79,410.815,,26.510,61,35,39,,
T,2024-10-04 12:50:02,49.68258767,18.50554024,3.79,411.087,,26.550,61,35,39,,
T,2024-10-04 12:50:03,49.68270184,18.50586395,3.79,411.286,,26.600,61,35,40,,
T,2024-10-04 12:50:04,49.68281856,18.50618787,3.79,411.374,,26.680,61,35,41,,
T,2024-10-04 12:50:05,49.68293480,18.50651135,3.79,411.356,,26.770,61,35,40,,
T,2024-10-04 12:50:06,49.68305556,18.50683546,3.79,411.431,,26.830,60,35,39,,
T,2024-10-04 12:50:07,49.68317626,18.50715939,3.79,411.660,,26.920,60,35,39,,
T,2024-10-04 12:50:08,49.68329888,18.50748756,3.79,411.447,,27.020,60,35,40,,
T,2024-10-04 12:50:09,49.68341704,18.50781542,3.79,411.223,,27.110,60,35,40,,
T,2024-10-04 12:50:10,49.68354405,18.50813774,3.79,411.344,,27.170,60,35,40,,
T,2024-10-04 12:50:11,49.68366560,18.50846161,3.79,411.182,,27.200,59,35,40,,
T,2024-10-04 12:50:12,49.68379392,18.50878077,3.79,411.103,,27.210,59,35,40,,
T,2024-10-04 12:50:13,49.68391673,18.50910479,3.79,410.919,,27.170,59,35,40,,
T,2024-10-04 12:50:14,49.68404263,18.50942611,3.79,410.925,,27.130,58,35,40,,
T,2024-10-04 12:50:15,49.68417157,18.50974771,3.79,410.741,,27.100,58,34,40,,
T,2024-10-04 12:50:16,49.68430119,18.51006562,3.79,410.806,,27.060,57,35,40,,
T,2024-10-04 12:50:17,49.68443547,18.51038139,3.79,410.843,,27.020,57,35,40,,
T,2024-10-04 12:50:18,49.68457222,18.51069279,3.79,410.425,,26.980,56,35,40,,
T,2024-10-04 12:50:19,49.68470520,18.51100085,3.79,410.419,,26.950,56,34,39,,
T,2024-10-04 12:50:20,49.68484129,18.51131259,3.79,410.380,,26.920,56,34,39,,
T,2024-10-04 12:50:21,49.68497767,18.51162094,3.79,410.263,,26.890,56,34,39,,
T,2024-10-04 12:50:22,49.68511394,18.51192974,3.79,410.107,,26.840,56,35,39,,
T,2024-10-04 12:50:23,49.68524681,18.51223623,3.79,410.099,,26.770,56,35,39,,
T,2024-10-04 12:50:24,49.68538150,18.51253939,3.79,410.233,,26.730,56,35,39,,
T,2024-10-04 12:50:25,49.68552026,18.51283892,3.79,410.104,,26.710,55,34,39,,
T,2024-10-04 12:50:26,49.68565706,18.51314241,3.79,410.291,,26.680,55,34,39,,
T,2024-10-04 12:50:27,49.68579304,18.51344262,3.79,410.257,,26.640,55,34,40,,
T,2024-10-04 12:50:28,49.68593022,18.51374559,3.79,410.320,,26.580,55,36,40,,
T,2024-10-04 12:50:29,49.68607109,18.51404748,3.79,410.117,,26.540,55,36,40,,
T,2024-10-04 12:50:30,49.68620527,18.51435215,3.79,409.951,,26.470,55,35,39,,
T,2024-10-04 12:50:31,49.68633785,18.51465131,3.79,410.343,,26.400,55,35,39,,
T,2024-10-04 12:50:32,49.68647351,18.51495383,3.79,410.214,,26.330,55,36,40,,
T,2024-10-04 12:50:33,49.68660855,18.51525347,3.79,410.197,,26.230,55,36,40,,
T,2024-10-04 12:50:34,49.68674251,18.51554696,3.79,410.326,,26.110,56,34,39,,
T,2024-10-04 12:50:35,49.68687251,18.51584360,3.79,410.242,,25.950,56,34,39,,
T,2024-10-04 12:50:36,49.68700455,18.51613646,3.79,410.281,,25.800,56,35,40,,
T,2024-10-04 12:50:37,49.68713324,18.51643120,3.79,410.141,,25.650,55,36,40,,
T,2024-10-04 12:50:38,49.68726425,18.51672167,3.79,409.982,,25.610,55,36,40,,
T,2024-10-04 12:50:39,49.68739242,18.51701491,3.79,409.619,,25.560,55,36,40,,
T,2024-10-04 12:50:40,49.68752480,18.51730082,3.79,409.375,,25.570,55,35,39,,
T,2024-10-04 12:50:41,49.68765667,18.51759242,3.79,409.128,,25.580,55,35,39,,
T,2024-10-04 12:50:42,49.68778574,18.51788507,3.79,408.977,,25.590,55,36,40,,
T,2024-10-04 12:50:43,49.68791670,18.51817671,3.79,408.665,,25.510,55,36,40,,
T,2024-10-04 12:50:44,49.68804995,18.51847108,3.79,408.615,,25.810,55,35,39,,
T,2024-10-04 12:50:45,49.68818108,18.51876305,3.79,408.014,,25.580,55,35,39,,
T,2024-10-04 12:50:46,49.68831451,18.51905337,3.79,407.888,,25.560,55,36,39,,
T,2024-10-04 12:50:47,49.68844442,18.51934284,3.79,407.566,,25.530,55,34,38,,
T,2024-10-04 12:50:48,49.68857418,18.51963382,3.79,407.265,,25.500,55,34,38,,
T,2024-10-04 12:50:49,49.68871002,18.51992142,3.79,407.065,,25.460,55,35,39,,
T,2024-10-04 12:50:50,49.68883547,18.52020054,3.79,407.099,,24.780,55,34,39,,
T,2024-10-04 12:50:51,49.68896932,18.52048809,3.79,406.699,,25.330,54,34,39,,
T,2024-10-04 12:50:52,49.68910098,18.52077540,3.79,406.217,,25.300,54,35,39,,
T,2024-10-04 12:50:53,49.68923554,18.52106207,3.79,405.749,,25.250,54,35,39,,
T,2024-10-04 12:50:54,49.68937115,18.52134065,3.79,405.216,,25.230,54,35,39,,
T,2024-10-04 12:50:55,49.68950566,18.52162270,3.79,404.891,,25.220,54,34,38,,
T,2024-10-04 12:50:56,49.68964045,18.52190001,3.79,404.292,,25.210,54,34,38,,
T,2024-10-04 12:50:57,49.68977820,18.52217749,3.79,403.677,,25.290,53,34,38,,
T,2024-10-04 12:50:58,49.68991628,18.52245999,3.79,403.031,,25.380,53,34,38,,
T,2024-10-04 12:50:59,49.69006207,18.52273615,3.79,402.444,,25.460,52,32,38,,
T,2024-10-04 12:51:00,49.69020750,18.52301275,3.79,402.140,,25.500,51,34,38,,
T,2024-10-04 12:51:01,49.69035489,18.52328502,3.79,401.776,,25.530,50,33,37,,
T,2024-10-04 12:51:02,49.69050478,18.52355651,3.79,401.345,,25.590,49,33,37,,
T,2024-10-04 12:51:03,49.69065566,18.52381978,3.79,400.806,,25.620,48,33,37,,
T,2024-10-04 12:51:04,49.69080955,18.52409030,3.79,400.264,,25.650,47,33,36,,
T,2024-10-04 12:51:05,49.69096809,18.52434771,3.79,399.761,,25.720,46,32,34,,
T,2024-10-04 12:51:06,49.69112678,18.52460532,3.79,399.682,,25.780,46,31,34,,
T,2024-10-04 12:51:07,49.69128994,18.52485950,3.79,399.274,,25.840,45,32,36,,
T,2024-10-04 12:51:08,49.69145654,18.52511069,3.79,398.998,,25.880,44,30,34,,
T,2024-10-04 12:51:09,49.69162548,18.52536210,3.79,398.559,,25.940,44,29,35,,
T,2024-10-04 12:51:10,49.69179230,18.52561388,3.79,397.829,,25.900,51,31,35,,
T,2024-10-04 12:51:11,49.69196152,18.52586138,3.79,397.859,,25.680,43,31,35,,
T,2024-10-04 12:51:12,49.69213328,18.52609904,3.79,397.448,,25.630,42,32,37,,
T,2024-10-04 12:51:13,49.69230736,18.52633620,3.79,396.957,,25.780,41,32,37,,
T,2024-10-04 12:51:14,49.69248498,18.52656748,3.79,396.490,,25.890,39,33,38,,
T,2024-10-04 12:51:15,49.69266380,18.52679727,3.79,395.886,,25.710,39,33,38,,
T,2024-10-04 12:51:16,49.69284714,18.52701543,3.79,395.684,,25.800,38,33,38,,
T,2024-10-04 12:51:17,49.69302771,18.52723161,3.79,395.045,,25.600,38,33,38,,
T,2024-10-04 12:51:18,49.69321102,18.52745239,3.79,394.577,,25.740,37,33,38,,
T,2024-10-04 12:51:19,49.69339291,18.52766652,3.79,394.153,,25.680,35,32,37,,
T,2024-10-04 12:51:20,49.69357971,18.52788200,3.79,393.600,,25.710,36,32,37,,
T,2024-10-04 12:51:21,49.69376679,18.52809222,3.79,392.564,,25.650,34,32,38,,
T,2024-10-04 12:51:22,49.69395427,18.52830298,3.79,392.314,,25.610,35,32,38,,
T,2024-10-04 12:51:23,49.69414518,18.52850204,3.79,391.541,,25.590,34,33,39,,
T,2024-10-04 12:51:24,49.69434133,18.52869607,3.79,390.718,,25.520,33,33,38,,
T,2024-10-04 12:51:25,49.69453568,18.52888040,3.79,390.275,,25.450,30,33,38,,
T,2024-10-04 12:51:26,49.69472901,18.52906194,3.79,389.860,,25.430,31,33,39,,
T,2024-10-04 12:51:27,49.69492576,18.52924240,3.79,389.397,,25.410,30,33,39,,
T,2024-10-04 12:51:28,49.69512217,18.52942124,3.79,388.840,,25.410,32,33,38,,
T,2024-10-04 12:51:29,49.69532137,18.52959167,3.79,388.427,,25.420,26,33,37,,
T,2024-10-04 12:51:30,49.69552223,18.52975902,3.79,387.882,,25.330,32,33,36,,
T,2024-10-04 12:51:31,49.69572565,18.52991922,3.79,387.405,,25.410,29,33,36,,
T,2024-10-04 12:51:32,49.69593286,18.53007879,3.79,386.769,,25.420,29,33,37,,
